3 4 6 17 2 6 3 4 15 17 9 6 8
4 3 5 6 15 5 3 4 15 6 6 5 4
2 0 3 4 6 6 3 9 15 4 6 4 3
0 4 3 2 5 5 3 0 9 4 3 5 4
4 3 22 6 5 6 3 9 22 4 3 6 22
4 2 3 0 6 6 3 15 9 4 6 4 15
3 4 5 9 6 5 3 4 6 9 9 5 3
6 18 3 4 9 6 3 18 9 4 6 3 18
4 3 18 2 14 3 6 4 15 2 3 15 4
2 3 4 6 15 6 3 2 15 4 6 15 4
3 4 0 6 15 3 6 4 15 0 15 4 3
6 9 -1 -1 -1 6 9 -1 -1 -1 6 9 -1
3 6 2 4 0 6 3 15 4 2 2 6 3
2 4 3 6 0 6 3 2 4 15 16 6 15
4 2 0 5 3 5 4 3 6 15 4 3 5
4 0 2 9 5 5 0 4 9 2 4 5 0
2 9 3 0 4 6 3 2 9 0 6 4 3
2 0 3 4 5 5 0 2 3 9 5 0 9
2 3 4 6 15 6 3 2 4 15 3 6 2
3 4 6 1 9 3 6 4 1 9 1 6 4
2 3 0 6 15 6 3 2 15 0 3 6 2
2 4 3 6 9 6 3 2 4 9 3 6 2
4 3 0 2 6 6 3 4 9 16 0 4 3
3 2 6 15 9 3 6 2 15 9 6 3 2
4 2 0 5 22 5 4 2 0 9 4 5 9
2 4 0 3 17 6 3 4 0 2 6 4 17
2 3 6 4 0 3 6 2 15 4 3 6 2
4 0 3 2 6 6 3 4 0 2 0 6 15
3 6 2 4 0 6 3 4 2 9 9 4 3
0 2 25 6 3 6 2 0 25 15 0 6 2
2 3 4 0 5 3 5 2 6 4 2 5 3
4 2 3 0 6 6 4 3 2 15 3 6 4
3 15 2 6 4 6 3 15 2 9 15 6 4
4 3 2 0 6 6 3 4 15 9 6 4 3
5 0 3 2 15 5 3 6 16 15 5 3 6
3 4 2 17 5 3 5 4 15 2 6 5 4
4 6 3 15 2 6 4 3 15 9 4 3 6
0 4 3 2 6 6 3 4 0 9 6 4 0
4 3 6 22 16 3 6 4 9 16 6 4 3
4 2 3 6 15 6 3 4 15 2 3 6 4
4 3 0 15 5 5 3 15 6 4 5 4 15
4 18 3 2 0 5 4 3 6 9 15 6 5
4 2 15 6 0 6 15 4 3 2 6 3 4
3 4 2 6 15 6 3 4 2 15 3 15 4
3 4 6 15 5 5 3 6 15 4 5 3 6
0 4 6 2 3 6 4 9 5 3 0 6 4
3 4 5 1 6 3 5 4 1 6 5 4 1
2 3 4 5 9 5 3 6 2 9 3 5 6
3 4 6 2 0 6 3 4 2 15 3 6 4
2 0 4 3 9 6 3 2 9 4 9 4 3
0 2 3 4 6 6 3 0 2 9 2 3 4
4 2 3 6 17 6 3 4 9 2 10 17 9
2 3 6 15 0 6 3 2 15 9 2 6 3
2 3 0 6 8 6 3 2 0 9 2 9 3
3 4 0 5 15 5 4 3 15 6 5 4 3
3 4 6 1 15 3 6 4 1 15 15 4 3
0 4 3 2 5 5 3 4 6 2 0 5 6
4 3 18 2 0 6 3 4 15 9 3 6 4
4 2 6 9 12 6 2 4 3 9 15 4 6
0 2 3 4 6 6 3 2 4 0 0 12 6
4 3 15 2 6 6 3 4 15 2 6 15 4
2 3 4 6 15 3 6 2 4 15 2 3 6
2 3 0 6 15 3 6 0 2 15 0 16 6
4 3 6 15 9 3 6 4 9 15 6 4 3
2 3 4 6 9 3 6 9 15 2 6 15 4
6 14 3 15 5 14 6 3 15 9 6 3 14
4 3 0 2 6 3 6 4 16 15 6 4 3
2 0 3 9 6 6 2 9 3 22 3 6 9
3 6 4 2 9 6 3 4 15 2 3 6 4
2 0 4 3 5 6 3 2 4 0 9 4 6
4 0 3 5 6 6 4 3 16 15 3 6 4
2 4 3 15 6 6 3 4 2 15 2 4 3
3 4 5 0 15 5 3 6 15 4 3 5 4
4 2 6 9 3 6 4 3 2 9 6 4 3
0 4 2 3 6 6 3 4 0 2 3 6 4
2 6 3 15 9 6 3 2 9 15 6 3 2
6 2 3 0 15 6 3 2 15 16 15 6 16
4 0 3 2 6 6 3 4 0 2 3 6 4
2 4 3 6 0 6 3 4 2 15 6 4 3
4 6 3 17 13 6 3 9 4 13 3 6 4
0 2 3 4 6 6 3 0 2 18 3 6 0
3 4 6 15 9 6 3 4 15 9 15 4 3
0 2 4 15 6 6 15 2 0 3 15 16 6
3 4 2 6 21 6 3 4 9 2 6 3 4
4 2 3 6 15 3 6 4 2 15 3 6 2
3 6 4 9 16 3 6 16 9 15 6 3 4
2 4 3 5 15 5 3 2 4 6 3 5 4
3 4 2 6 5 5 3 4 6 2 3 5 4
3 2 6 15 4 6 3 15 2 4 15 3 6
4 6 18 3 2 6 15 4 3 9 6 4 15
4 3 2 6 0 6 3 4 15 2 3 6 4
0 2 4 3 6 6 3 2 15 4 0 9 6
3 0 4 5 6 5 3 6 15 0 0 6 16
3 4 0 15 2 3 6 15 4 9 15 6 4
2 4 3 6 15 6 3 4 2 15 6 4 3
4 2 0 3 15 6 4 3 0 9 9 4 3
3 6 23 4 1 3 6 23 9 12 3 23 6
3 22 4 5 18 3 5 22 4 6 5 4 3
2 4 5 3 6 6 4 3 2 15 6 4 3
2 3 5 4 15 5 3 15 2 6 5 15 3
6 3 2 9 15 6 3 2 9 15 6 3 2
4 2 0 3 5 5 4 6 0 2 6 4 15
4 2 6 15 3 6 4 15 3 2 6 15 4
3 4 0 6 17 6 3 4 17 9 3 6 4
4 0 2 5 3 5 15 4 6 0 6 4 5
3 6 0 15 9 3 6 9 0 15 6 3 0
0 2 4 6 3 6 0 9 3 4 0 6 4
0 13 6 9 3 6 9 3 0 15 0 6 15
3 12 19 4 9 3 6 19 12 9 3 6 4
4 3 6 15 9 3 6 4 15 9 3 15 4
4 2 3 6 10 6 3 4 2 15 3 6 4
2 4 3 6 0 6 4 3 2 15 3 6 4
3 0 4 6 2 6 3 0 4 9 8 6 9
2 3 9 6 4 6 3 16 4 9 16 0 9
4 6 3 2 0 6 15 3 4 2 6 3 4
2 3 6 4 0 6 3 2 15 9 3 6 2
4 15 5 6 3 5 4 15 6 3 5 4 15
4 3 0 5 9 3 5 4 9 15 3 5 4
2 3 4 8 17 6 3 2 4 15 2 4 3
6 3 4 5 0 6 3 4 5 15 6 3 5
0 4 3 6 15 6 3 4 15 0 6 4 3
0 2 4 5 9 5 0 4 2 6 0 5 4
2 0 6 4 3 6 2 0 4 9 0 6 2
3 4 15 6 9 3 6 4 15 9 6 4 3
4 2 3 6 0 6 4 3 2 15 15 6 4
2 0 3 4 9 9 6 3 2 0 2 6 3
2 4 6 3 5 6 3 4 15 2 6 15 4
5 3 0 6 15 5 3 6 15 9 15 9 12
2 4 3 0 6 6 3 9 2 4 3 6 9
9 4 3 15 0 3 6 9 4 15 3 6 8
3 4 18 17 5 5 4 3 15 1 16 9 15
3 4 2 0 19 6 3 4 0 2 6 4 3
4 2 3 5 6 5 3 6 4 2 3 5 6
2 4 0 6 3 6 3 2 4 0 6 4 2
3 2 4 5 0 3 5 4 15 6 5 4 15
3 4 6 2 15 3 6 4 15 2 3 6 4
0 4 2 3 6 6 3 9 4 0 3 6 4
2 3 4 6 12 6 3 2 4 9 6 4 2
0 3 6 4 15 3 6 1 0 15 6 3 4
3 4 18 6 12 6 3 4 12 1 6 4 3
3 4 6 0 18 6 3 4 15 22 22 6 4
4 2 3 6 0 5 6 4 3 2 15 6 4
2 4 3 6 15 6 3 15 4 2 15 6 4
3 2 4 6 1 6 3 4 2 15 6 3 4
4 3 6 21 2 3 6 4 21 15 3 6 4
3 4 0 5 15 5 3 15 4 6 15 5 6
4 2 3 0 6 6 4 3 2 0 9 6 4
4 3 6 15 12 6 4 3 15 16 3 6 4
3 4 2 15 0 5 3 4 2 15 5 4 6
3 2 4 6 15 6 3 4 15 2 9 4 3
4 3 5 15 2 5 3 4 15 6 3 5 4
0 2 4 6 17 6 2 4 3 0 2 4 6
3 4 6 2 23 6 3 4 15 9 3 6 4
2 4 3 6 0 6 3 2 4 15 3 6 4
4 3 2 6 0 6 3 4 9 15 6 4 3
3 4 2 18 6 6 3 4 2 15 6 4 3
9 5 6 32 4 5 9 6 3 32 32 6 5
3 4 5 17 6 5 3 4 6 15 5 4 3
6 2 0 21 5 5 6 9 2 0 5 6 3
24 14 3 15 1 6 24 14 15 3 15 6 24
2 3 4 5 6 5 3 2 6 15 3 5 6
4 3 0 2 5 5 3 4 6 2 0 6 5
3 9 4 5 2 5 9 3 4 15 15 6 5
6 16 3 4 15 6 3 16 15 4 9 6 15
3 2 5 0 9 5 3 15 6 12 3 5 6
4 0 3 2 6 6 4 3 2 15 15 4 3
4 3 13 15 5 5 4 3 1 15 15 9 13
2 4 3 0 5 5 4 3 2 0 15 5 3
0 2 6 3 4 6 0 3 2 9 3 6 0
4 2 0 3 5 5 4 2 3 9 17 6 15
4 2 0 3 6 5 3 6 15 4 6 5 4
2 4 0 3 6 6 3 9 4 2 6 3 4
2 3 6 9 4 6 3 2 9 4 3 2 6
6 2 3 4 0 6 3 15 4 2 6 15 9
4 2 3 6 0 6 3 4 15 2 9 4 15
3 2 4 6 0 6 3 4 2 9 3 6 4
2 3 5 4 6 5 3 6 4 2 5 2 6
3 6 4 2 15 3 6 9 4 15 3 6 4
2 3 4 0 6 6 3 4 2 15 0 6 4
3 4 5 2 14 5 3 9 15 4 2 5 3
4 3 2 6 9 6 3 4 2 9 4 9 6
3 4 17 5 21 5 3 4 17 12 6 5 4
4 3 6 2 9 6 3 4 15 9 4 9 6
9 23 3 6 0 6 3 9 23 0 9 3 0
4 3 0 15 6 6 3 4 9 15 4 9 6
0 4 3 2 5 5 3 4 2 6 6 5 0
4 3 0 6 15 3 6 4 15 0 3 6 4
2 0 3 13 25 6 13 3 2 0 0 6 13
2 4 3 6 0 6 3 4 2 15 2 4 3
0 15 3 6 16 6 0 15 16 3 6 0 15
3 6 2 15 1 6 3 15 9 1 6 3 15
3 4 2 6 15 6 3 4 15 9 3 6 4
4 3 5 2 1 5 3 4 15 9 4 3 5
3 0 15 6 19 3 6 15 0 4 6 3 15
0 2 3 17 15 6 3 15 0 17 17 9 15
0 2 3 5 21 5 3 0 15 9 5 3 0
2 3 0 6 15 5 3 0 2 6 0 6 5
3 4 6 15 12 6 3 15 4 12 15 6 4
3 2 4 1 6 6 3 9 1 4 9 6 1
3 4 6 12 18 6 3 4 15 1 6 4 3
0 4 2 3 6 6 3 4 9 0 9 4 3
2 0 4 3 5 5 3 2 15 9 3 6 5
6 5 3 15 9 5 6 9 3 15 5 9 6
9 3 5 6 12 5 3 6 9 16 6 5 9
0 2 5 3 4 6 3 2 0 4 3 6 2
4 0 3 6 2 6 3 4 15 0 6 4 3
0 4 2 3 6 6 4 3 2 15 3 6 4
3 4 5 12 6 3 5 4 6 12 3 5 6
3 5 4 0 1 5 3 15 4 1 9 5 4
4 3 5 2 18 5 3 4 15 6 5 4 15
4 5 3 17 6 5 3 6 15 4 17 6 16
4 2 3 5 0 5 6 4 3 2 5 4 3
4 3 2 6 0 6 3 4 2 9 2 4 3
3 4 6 9 15 6 3 4 9 15 4 3 6
2 4 0 3 6 6 3 2 9 4 6 12 9
4 3 5 15 2 5 4 3 15 6 6 5 4
13 2 0 3 6 6 3 13 2 0 13 0 3
2 4 3 6 15 6 3 4 2 15 16 6 9
3 0 6 8 2 3 6 2 15 0 3 6 4
3 4 6 2 1 6 3 4 1 9 6 4 15
9 4 5 3 2 5 9 3 6 4 4 9 5
3 6 4 2 9 6 3 2 4 15 6 4 15
2 3 6 15 9 6 3 2 15 9 3 6 2
0 4 2 6 3 6 0 3 4 2 0 6 4
2 3 5 0 1 5 3 1 2 15 6 5 1
3 4 0 6 2 6 3 4 15 0 9 6 18
0 3 2 6 1 6 3 0 2 1 6 0 3
2 3 0 6 17 6 3 15 2 9 3 6 9
3 9 6 4 0 3 9 6 15 4 3 6 9
4 3 2 6 0 6 3 4 9 15 4 9 6
2 0 3 4 6 6 3 2 4 0 2 4 3
2 3 21 6 11 6 3 11 9 2 15 6 9
3 4 18 5 9 3 5 9 6 4 5 9 15
4 2 6 3 0 6 4 3 2 15 3 6 4
3 6 4 23 12 3 6 12 23 4 3 6 23
4 3 2 0 5 5 4 3 6 15 3 5 4
2 3 0 9 6 6 3 2 9 0 19 6 9
12 3 6 2 4 6 3 12 9 2 9 21 6
2 3 6 0 9 6 3 2 0 9 3 6 0
0 3 2 4 5 5 3 4 6 9 6 5 0
4 0 3 6 15 6 4 3 15 0 15 6 4
2 3 4 6 15 6 3 2 4 15 9 4 3
5 2 3 6 9 5 3 6 2 9 3 5 6
6 9 3 15 2 3 6 9 5 15 6 15 3
0 3 2 4 6 6 3 4 2 0 2 4 3
4 2 6 0 3 6 4 3 15 2 6 4 3
2 4 3 6 0 6 3 2 9 4 3 6 2
9 3 4 22 6 3 6 4 9 22 6 3 15
3 4 6 15 12 3 6 4 23 15 3 6 23
4 3 6 17 1 6 3 4 15 17 15 6 9
2 6 3 9 4 3 6 9 2 4 3 6 9
3 6 14 1 2 6 3 1 9 4 3 6 1
3 16 2 6 15 6 3 16 15 9 6 3 15
3 6 4 16 15 3 6 15 16 4 6 3 15
2 3 18 6 4 5 3 6 2 15 3 5 6
3 4 5 2 6 5 3 6 15 9 15 5 6
2 4 5 15 0 5 2 4 6 9 9 6 2
3 2 4 6 0 6 3 4 2 1 6 3 4
4 3 6 15 0 6 4 3 15 9 6 4 3
3 4 2 6 0 6 3 4 9 2 6 4 3
4 3 2 5 18 5 3 4 9 2 9 4 3
4 12 3 5 9 5 3 12 9 4 15 6 5
2 5 13 3 9 5 3 2 6 9 3 6 5
4 0 2 3 6 6 9 2 3 4 5 4 9
3 4 6 15 1 3 6 15 4 9 6 3 15
0 3 2 5 4 5 3 9 0 15 3 5 9
2 3 4 6 10 6 2 3 4 16 3 6 9
2 4 0 3 6 5 2 0 6 4 5 4 0
3 4 5 9 11 5 3 4 9 6 3 5 6
3 4 2 5 6 3 5 4 6 1 4 3 9
4 3 2 6 18 6 3 4 2 9 3 6 4
2 4 23 3 0 6 3 2 4 23 6 4 3
3 4 17 5 2 5 3 4 1 6 15 6 9
6 3 1 15 9 6 3 1 15 9 3 6 15
0 2 4 6 3 6 0 9 3 2 4 9 6
2 0 3 5 18 5 3 2 0 9 6 5 3
2 4 6 9 15 6 2 4 9 15 6 2 4
2 0 5 3 9 5 0 3 9 2 0 3 6
3 5 4 9 6 5 3 9 6 4 0 6 16
2 6 18 15 10 6 2 15 3 9 3 6 2
6 -1 -1 -1 -1 6 -1 -1 -1 -1 6 -1 -1
3 4 2 6 9 3 6 4 15 2 3 4 6
3 0 5 4 6 3 5 6 0 15 3 5 6
3 4 0 2 6 6 3 15 4 9 14 15 6
0 13 4 2 3 13 6 3 9 0 13 6 9
2 0 6 4 3 6 2 4 3 0 9 4 3
0 3 4 2 5 5 3 4 0 9 6 5 0
3 4 5 0 9 5 3 9 4 6 15 6 0
0 2 3 6 4 6 3 2 0 9 3 6 9
3 0 2 4 6 6 3 15 4 0 9 4 3
3 6 15 1 12 6 3 15 9 1 3 6 1
0 3 2 6 8 3 6 0 2 9 0 9 6
4 9 3 6 5 5 4 3 9 6 15 5 6
2 0 3 4 6 6 3 2 4 0 6 0 4
2 6 3 1 9 6 3 2 1 15 3 6 2
4 3 2 5 0 5 3 4 2 15 5 4 9
2 3 15 0 5 5 3 15 2 9 15 5 3
4 0 2 3 5 5 4 15 3 6 3 5 4
3 13 0 17 5 5 3 6 15 17 15 9 13
4 3 2 15 6 6 3 4 15 2 6 4 3
23 2 3 4 6 6 3 23 2 4 6 4 2
4 3 5 2 6 5 3 4 6 9 5 4 3
3 0 4 6 15 6 3 4 0 15 4 3 6
0 4 2 3 6 5 3 4 6 0 5 4 3
3 15 4 0 6 3 6 4 15 16 4 3 15
6 2 9 3 4 6 3 9 4 15 4 9 6
4 0 2 6 3 6 3 0 15 4 3 6 2
3 4 2 5 15 5 3 4 2 6 3 5 4
2 6 4 3 0 6 2 3 9 4 9 6 4
0 9 5 4 15 6 0 3 15 4 9 3 15
6 3 0 4 8 6 3 15 4 16 3 6 15
9 3 4 6 15 6 3 4 15 9 3 6 4
2 4 5 3 6 5 2 4 6 15 6 2 15
0 2 5 3 9 5 0 9 2 3 9 0 5
6 3 8 4 16 3 6 4 8 16 6 16 4
3 4 6 9 5 6 3 5 4 9 4 3 6
2 4 3 6 15 6 3 2 4 15 3 6 2
3 2 0 4 10 3 13 5 2 16 5 15 13
3 4 6 15 2 3 6 4 15 2 3 6 4
2 0 4 6 3 6 2 0 4 3 2 6 0
4 0 2 3 12 6 3 4 0 2 4 3 6
2 4 18 0 5 5 4 6 2 0 0 5 6
2 0 25 3 6 6 2 3 9 0 3 6 2
3 6 4 2 8 6 3 4 15 2 3 6 4
3 0 4 6 15 6 3 0 4 15 0 3 6
4 2 3 6 15 6 4 3 15 2 3 6 4
0 3 2 4 6 6 3 0 2 9 3 6 4
3 15 4 6 9 6 3 15 4 9 6 3 4
2 4 17 10 6 6 3 9 4 2 8 4 9
9 3 2 0 6 6 3 15 4 9 3 6 9
3 4 8 6 12 6 3 4 12 9 3 6 4
3 6 9 -1 -1 3 6 9 -1 -1 3 6 9
4 3 2 6 0 6 3 4 2 9 3 6 4
3 2 5 6 15 5 3 15 6 2 5 4 15
3 4 0 2 6 6 3 4 15 9 15 6 4
4 3 0 6 15 6 3 4 15 0 3 6 4
8 5 3 9 16 5 9 3 6 16 26 6 9
2 5 1 3 6 5 6 3 2 15 12 9 6
2 4 3 0 5 5 3 6 4 2 5 6 3
3 0 2 4 6 6 3 4 2 9 3 0 4
2 5 4 0 3 5 3 4 2 15 3 5 4
2 4 3 6 0 6 3 4 2 9 3 9 4
2 0 5 6 9 5 0 2 6 18 3 6 5
4 3 6 2 5 3 6 4 15 2 6 3 4
4 2 3 6 9 6 4 3 2 9 4 3 6
3 4 5 9 2 5 3 4 9 6 3 5 4
2 4 6 0 3 6 4 3 2 15 16 6 15
4 3 2 6 0 6 3 4 15 9 6 4 3
3 4 0 6 9 6 3 9 4 15 3 6 4
2 4 3 5 6 5 3 15 4 6 5 4 3
8 3 12 6 2 6 3 8 12 9 3 6 8
3 2 4 6 0 6 3 15 2 4 6 3 4
6 9 5 3 17 5 6 3 9 17 17 6 9
3 4 6 2 15 6 3 4 15 2 15 6 4
0 9 4 6 5 6 15 3 4 0 15 0 4
4 3 6 2 0 3 6 4 2 0 6 4 3
0 3 2 5 9 5 3 6 9 0 3 5 6
2 4 3 0 6 6 4 3 15 2 3 6 4
4 6 3 2 15 6 3 4 15 16 3 6 4
4 3 6 15 9 6 3 4 15 16 6 4 3
4 2 3 0 6 6 3 2 4 9 2 4 3
4 6 15 3 2 6 4 15 3 2 6 4 3
0 6 3 2 4 6 3 0 15 2 0 3 6
0 3 5 4 2 5 3 4 0 6 9 6 0
2 4 3 5 0 5 6 3 4 2 3 5 4
13 6 12 3 9 6 15 9 13 12 13 15 9
4 3 2 5 0 3 5 4 6 15 3 5 4
3 4 6 1 9 3 6 4 9 1 4 3 1
4 6 2 0 15 6 15 4 3 2 3 6 4
23 3 5 9 6 5 3 6 23 9 5 9 3
6 -1 -1 -1 -1 6 -1 -1 -1 -1 6 -1 -1
4 3 2 6 10 6 4 3 2 15 6 4 3
3 4 0 6 2 3 6 4 0 9 9 6 4
8 9 3 4 6 3 6 8 9 4 8 4 3
4 0 3 6 2 6 4 3 0 2 3 0 4
2 0 6 9 15 6 2 0 9 3 2 6 9
4 2 3 0 6 6 3 4 2 0 3 6 4
2 3 4 6 15 6 3 15 2 4 4 15 6
2 4 3 6 0 6 3 15 4 2 3 6 4
3 4 6 15 2 3 6 15 9 4 15 3 6
4 3 0 2 5 5 3 4 6 15 3 5 4
9 0 2 4 6 9 2 4 6 0 9 6 5
3 9 4 15 5 3 5 15 16 4 15 3 5
3 2 6 14 4 6 3 2 12 9 6 3 2
3 4 2 6 15 6 3 4 2 15 6 4 15
3 6 23 9 1 3 6 9 23 4 3 6 9
2 0 3 5 9 5 3 2 0 6 5 3 6
15 0 5 6 4 15 5 6 4 9 15 6 5
4 2 3 5 6 5 3 4 6 15 5 4 15
3 2 6 5 1 6 3 1 5 15 6 5 3
2 4 6 3 0 6 2 3 4 0 3 6 4
2 0 3 4 6 6 3 2 16 0 6 16 4
6 2 4 5 0 5 6 15 2 4 15 6 5
2 3 4 6 0 6 3 2 4 5 6 3 2
9 3 4 6 2 6 3 9 15 4 6 9 3
4 3 15 6 16 6 3 4 16 15 15 6 4
9 4 2 3 6 6 4 3 2 15 3 9 4
4 3 6 15 0 3 6 4 15 9 6 4 3
3 4 6 -1 -1 3 4 6 -1 -1 3 6 4
4 3 2 6 15 3 6 15 4 2 3 6 4
3 5 4 1 2 3 5 1 15 6 12 6 9
3 6 4 15 1 6 3 4 15 1 3 6 4
4 2 3 6 14 6 3 4 2 1 3 6 4
0 5 4 3 6 5 6 3 4 9 10 14 12
4 2 3 0 5 5 3 4 15 2 5 4 15
2 4 0 6 3 6 4 2 15 3 3 6 4
3 0 15 13 2 13 3 15 5 6 15 6 5
4 2 3 15 6 6 3 4 15 2 9 6 3
3 4 0 6 2 3 6 4 0 22 3 6 4
4 0 3 6 15 6 3 4 0 9 3 6 4
3 6 2 4 1 3 6 4 15 1 3 6 4
4 3 9 2 6 6 3 4 9 2 4 9 6
3 0 4 2 6 6 3 4 2 9 3 6 4
4 3 5 15 6 3 5 4 6 15 5 4 3
3 4 5 1 17 3 5 4 1 6 6 5 4
4 0 3 15 6 6 3 4 15 0 6 4 0
4 3 5 22 2 6 3 4 22 9 6 4 3
4 3 2 6 15 3 6 4 15 2 2 3 4
16 2 4 3 0 6 3 4 0 9 10 15 16
6 3 0 2 4 6 3 15 9 2 6 3 15
0 3 4 6 15 6 3 0 4 15 15 4 3
3 6 0 2 16 6 3 16 0 4 6 2 3
3 6 22 1 14 3 6 22 1 9 3 6 22
3 4 0 2 6 6 3 4 9 0 4 0 6
4 3 6 2 17 3 6 4 16 15 6 4 3
4 0 2 6 5 6 3 4 9 2 6 5 4
2 3 4 6 0 6 3 2 4 17 3 6 15
3 15 4 6 0 3 6 4 15 0 4 15 6
2 0 4 6 3 6 2 3 4 15 2 4 3
4 3 2 5 6 5 3 4 15 6 15 5 4
3 2 4 5 22 3 5 6 22 9 22 23 5
4 2 3 0 5 5 4 3 2 6 3 5 4
3 4 6 9 2 6 3 4 9 2 6 15 9
0 3 4 6 15 6 3 15 0 4 15 4 3
2 4 3 5 17 5 3 2 4 17 3 5 4
3 5 2 17 6 5 3 17 6 15 5 15 6
4 3 6 15 2 6 3 4 15 2 15 6 4
3 0 4 5 22 3 5 0 6 4 0 5 3
8 3 6 4 15 6 3 8 15 4 15 6 3
3 6 9 15 4 3 6 9 15 16 9 15 6
0 3 4 6 2 6 3 4 15 2 9 6 4
2 4 0 3 6 6 4 3 15 2 6 3 2
6 4 3 5 15 5 3 6 4 15 6 3 5
4 2 3 6 0 6 3 4 2 9 3 6 4
3 0 2 6 4 6 3 2 4 15 6 4 3
2 3 0 15 6 6 2 3 15 0 15 6 3
2 3 17 0 5 3 5 2 6 17 5 3 2
3 6 4 23 1 3 6 4 15 1 3 6 4
4 3 6 0 23 6 3 4 15 23 4 3 6
3 9 4 6 12 3 6 9 15 4 3 6 9
2 4 3 6 0 6 2 3 4 9 2 4 6
3 4 6 2 15 3 6 4 15 9 3 6 4
3 4 2 0 5 3 5 4 2 6 5 4 3
3 0 2 6 4 6 3 9 2 4 0 6 15
9 4 3 5 27 3 5 9 4 6 8 6 27
4 3 0 6 2 6 3 4 15 2 3 6 4
2 3 0 4 6 6 3 2 4 0 6 4 0
4 2 3 5 6 5 4 3 2 6 5 4 3
0 4 6 2 3 6 3 4 0 15 6 4 3
0 2 3 4 5 5 3 0 2 6 6 5 9
4 3 2 6 15 6 3 4 15 2 6 4 3
4 3 5 6 2 6 3 4 5 9 15 16 17
3 4 6 15 9 6 3 15 4 9 6 4 9
2 4 0 5 3 5 2 3 17 6 2 5 6
2 3 4 9 6 6 3 2 4 9 2 6 3
4 3 0 2 5 5 3 4 15 0 17 5 4
3 4 6 2 10 6 3 4 15 9 6 4 3
4 0 6 3 2 6 4 3 15 9 4 3 6
2 3 4 6 0 6 3 2 4 15 3 6 4
3 4 2 6 15 6 3 4 2 15 15 4 3
3 4 21 2 16 3 6 15 21 4 9 7 16
18 4 3 2 6 6 3 18 4 9 3 6 18
6 3 4 1 9 3 6 4 9 1 3 6 4
0 2 3 4 6 6 2 0 3 4 4 0 6
2 5 3 18 0 5 2 3 15 6 3 5 2
6 2 3 21 5 6 3 5 21 2 6 5 3
3 9 6 2 4 3 6 9 15 2 3 6 9
4 2 9 0 6 6 9 4 3 0 4 9 6
4 3 6 15 8 6 3 4 15 9 6 4 3
9 3 6 4 15 6 3 9 4 15 9 3 6
4 15 3 9 6 6 3 4 15 9 9 4 3
2 3 0 4 5 5 3 0 4 6 3 5 4
3 4 0 6 18 6 3 4 15 9 4 3 6
4 3 5 2 1 3 5 4 6 9 3 5 4
4 6 3 2 0 6 4 3 15 2 3 6 4
3 4 5 2 22 3 5 4 22 15 22 4 3
2 0 4 6 5 6 2 4 0 3 6 2 0
3 4 0 10 5 5 3 4 6 10 3 4 5
9 2 3 6 15 6 3 9 2 15 6 3 9
2 4 5 3 6 5 3 2 6 4 6 4 5
2 3 5 9 6 5 2 3 9 6 3 5 2
16 3 13 21 4 6 3 16 13 1 16 6 0
3 4 2 34 6 6 3 4 34 15 6 15 4
2 3 5 6 15 3 2 5 6 15 3 5 2
3 2 18 15 9 5 3 2 15 9 10 6 5
2 3 6 0 15 6 3 2 15 0 3 6 2
2 3 4 0 6 6 3 4 14 11 6 4 3
0 3 4 2 5 5 3 6 15 9 9 6 0
4 3 2 5 0 5 3 4 2 9 9 6 5
0 4 2 3 18 5 3 4 0 9 5 4 3
4 3 6 2 15 6 4 3 15 9 4 15 6
3 4 5 2 15 3 5 4 6 15 3 5 6
3 4 6 2 0 3 6 4 2 0 3 6 4
2 0 3 5 21 5 2 0 3 6 0 5 2
3 2 4 0 6 6 3 15 4 2 15 6 4
2 3 4 0 6 6 3 2 4 15 3 6 2
2 15 3 4 6 3 6 15 4 2 15 6 4
4 2 5 3 9 5 4 3 2 15 5 4 3
6 3 0 4 9 6 3 15 9 4 15 16 6
3 0 6 15 9 3 6 15 0 9 0 15 6
3 4 15 2 9 6 3 15 4 9 15 3 6
0 2 16 4 6 5 6 16 2 3 0 6 9
0 4 3 2 6 6 3 9 4 2 0 9 6
2 3 4 5 6 5 3 15 2 6 3 5 6
0 3 4 2 13 3 13 6 15 4 9 4 6
0 4 2 6 5 6 0 9 15 5 6 9 0
4 3 17 2 0 6 3 4 15 17 6 3 4
3 4 6 15 9 3 6 15 4 9 3 6 4
2 0 3 5 8 5 2 3 0 9 13 9 0
3 2 4 0 6 6 3 4 2 0 2 4 3
2 4 3 6 5 6 3 4 2 15 3 6 15
3 0 4 6 2 6 3 4 0 15 6 9 4
4 0 3 6 15 6 3 4 15 9 3 6 4
0 3 2 4 6 6 3 15 4 9 9 4 0
6 5 9 3 21 6 5 21 9 15 6 21 5
4 3 6 2 0 5 4 3 6 15 3 5 4
3 4 6 15 2 6 3 15 4 9 6 3 15
0 4 5 21 9 5 6 3 9 4 4 3 5
3 4 6 15 12 3 6 4 15 9 6 3 4
3 4 0 5 16 5 3 4 0 1 12 15 16
3 4 0 5 9 5 3 4 9 6 10 6 9
2 3 17 0 9 5 2 6 15 17 5 9 3
3 2 15 4 6 6 3 15 2 4 6 4 15
2 3 6 4 19 6 3 2 15 4 6 3 2
2 4 3 6 15 3 6 2 15 9 6 15 4
3 6 8 2 19 3 6 2 8 9 6 3 8
3 22 6 5 1 3 6 22 5 1 3 6 9
3 4 6 15 2 3 6 4 15 12 15 3 6
3 9 4 6 2 6 3 9 2 4 2 6 3
4 0 3 2 5 5 3 4 0 15 3 5 4
4 3 6 2 15 6 3 4 15 12 6 3 4
15 2 0 5 6 5 15 6 0 2 6 5 15
3 2 6 1 4 3 6 2 1 4 6 3 1
21 2 3 5 6 5 3 21 6 2 5 3 6
3 4 2 5 6 3 5 4 6 15 6 5 4
3 5 6 0 15 5 3 15 6 9 15 6 0
4 15 6 9 2 6 4 15 3 9 6 4 15
4 2 3 6 16 6 3 4 2 15 3 6 4
3 2 0 5 16 3 5 16 6 2 6 3 5
3 4 6 2 0 6 3 4 15 9 4 15 6
4 0 3 2 6 6 3 4 0 2 3 6 4
3 4 5 6 9 3 5 9 4 6 6 4 3
3 2 15 6 4 6 3 15 2 4 3 6 15
2 4 3 0 6 6 2 3 4 15 3 6 4
4 2 16 21 3 6 4 3 16 2 9 21 6
4 3 6 0 2 6 3 4 15 0 3 6 4
2 4 3 6 0 6 3 4 2 9 3 6 4
4 0 6 16 3 6 3 4 9 16 6 4 0
4 6 5 17 9 5 6 3 15 9 5 6 3
3 2 4 9 15 9 3 6 2 4 3 6 4
3 2 5 6 4 5 3 6 2 15 15 6 5
3 2 4 6 16 6 3 4 2 15 15 4 3
2 3 5 4 15 5 3 2 15 6 9 6 16
0 2 4 3 5 5 6 3 9 4 0 6 5
2 0 5 3 6 2 5 0 3 6 6 5 2
3 4 6 0 2 3 6 4 15 0 3 6 4
2 4 6 15 3 6 15 4 2 9 6 15 4
3 0 6 15 4 6 3 15 0 4 6 15 3
2 0 3 5 4 5 3 2 9 0 5 0 3
3 4 2 5 15 5 3 4 2 15 3 5 4
4 3 5 2 18 5 3 4 15 9 3 5 4
4 0 2 3 5 5 3 4 6 2 0 5 4
0 13 3 5 17 5 3 13 4 6 13 6 9
4 3 2 6 22 6 3 4 9 15 15 6 4
3 2 10 0 9 6 3 9 12 2 9 4 3
4 6 3 1 26 6 3 4 26 1 6 26 4
2 15 5 3 4 5 3 15 6 2 9 12 15
3 4 2 0 5 3 5 4 15 6 5 4 3
4 2 3 5 16 5 4 3 2 15 3 6 5
0 4 3 18 6 6 3 0 4 22 6 4 3
4 3 2 5 15 5 4 3 15 9 5 4 3
2 4 9 0 3 6 2 3 9 4 9 6 3
3 4 18 6 1 6 3 1 16 4 1 6 4
4 3 0 6 5 6 3 4 5 22 6 4 3
4 2 3 10 6 6 3 4 2 10 2 6 3
2 4 3 5 9 5 3 2 6 4 5 4 3
3 9 4 5 15 3 5 9 4 6 9 5 3
4 3 6 0 15 6 3 4 15 9 6 3 4
0 3 6 4 15 3 6 0 15 4 3 15 6
4 0 5 3 6 6 3 4 15 0 3 6 15
3 4 23 6 1 3 6 1 23 4 6 3 23
3 6 1 4 9 3 6 1 4 0 3 6 4
6 2 0 3 4 6 3 15 2 0 6 3 2
4 3 0 2 5 5 4 3 0 15 5 4 3
3 4 2 6 9 3 6 4 2 15 6 4 3
0 4 3 5 9 3 5 4 0 1 5 4 3
3 2 4 6 18 6 3 4 1 2 1 6 4
2 3 6 4 15 6 3 2 15 9 3 15 6
3 4 0 5 15 5 3 6 15 4 5 4 3
3 4 2 15 0 5 3 4 15 16 16 5 6
4 2 3 5 6 5 4 3 6 9 5 4 3
2 4 0 3 6 6 2 3 9 4 3 6 2
4 3 6 9 15 6 3 4 15 9 3 6 15
0 3 6 4 9 3 6 0 4 9 0 6 3
4 0 17 3 2 5 4 0 3 15 17 6 9
3 4 6 15 2 6 3 15 4 2 15 4 3
2 6 4 15 3 6 2 3 4 9 2 4 6
2 0 16 3 6 6 3 16 2 0 3 6 16
3 2 5 4 15 3 5 2 15 6 5 3 2
4 3 2 5 12 5 3 4 6 2 3 5 4
4 3 2 9 0 5 3 4 2 6 5 4 3
18 3 5 4 2 5 3 6 9 15 15 6 9
2 3 4 6 15 6 3 15 2 4 6 3 4
2 0 4 9 3 6 13 2 4 3 13 6 4
2 3 4 6 15 6 3 2 4 15 6 4 3
3 2 4 0 6 6 3 4 2 15 15 16 6
0 2 3 4 6 6 3 2 9 4 6 4 0
2 0 4 3 6 6 3 2 0 4 6 4 3
2 0 6 9 5 6 0 2 9 3 0 6 2
0 2 3 6 4 6 3 0 2 9 6 4 9
2 4 3 17 19 5 4 3 6 7 10 15 16
4 15 3 6 9 6 3 15 4 9 3 6 4
4 3 6 2 0 6 3 4 15 9 3 6 4
3 4 6 2 1 6 3 1 9 4 1 6 3
4 2 3 6 0 6 3 4 15 2 3 6 4
3 2 5 4 17 5 3 16 4 6 5 4 3
3 4 6 0 2 6 3 4 9 15 6 3 2
5 21 6 3 9 5 6 21 9 3 9 6 21
3 4 6 17 15 6 3 4 15 17 15 4 3
3 2 4 0 6 3 6 4 15 8 15 3 6
3 0 2 4 5 5 3 15 2 0 5 4 3
0 4 2 6 5 5 0 4 2 6 2 4 5
2 0 6 19 9 6 0 2 9 3 3 6 0
3 4 0 2 5 5 3 4 15 6 3 5 4
3 6 2 15 8 6 3 15 2 9 3 6 15
4 3 6 2 9 3 6 4 15 2 6 4 3
2 6 5 3 9 6 3 5 2 9 6 2 3
3 4 5 15 2 5 3 4 15 6 5 4 3
3 4 2 6 1 3 6 4 1 23 3 6 4
3 4 5 16 6 5 3 6 4 9 3 5 4
6 2 3 4 5 5 3 6 15 2 15 6 5
4 0 3 2 6 6 3 4 0 9 3 6 9
0 4 2 6 3 5 6 3 15 0 6 5 15
3 4 6 15 9 6 3 4 15 9 15 3 4
3 6 2 15 16 3 6 15 16 4 3 6 15
4 3 2 6 15 6 3 4 9 15 3 6 4
3 17 4 1 5 5 3 1 17 4 9 5 6
3 5 15 4 0 5 3 15 6 4 5 4 3
2 4 3 6 0 6 3 2 4 9 3 6 4
3 4 5 2 18 3 5 4 6 12 3 6 4
3 4 0 16 5 5 3 4 16 1 9 5 4
3 6 4 15 9 6 3 4 15 9 6 9 4
4 3 2 0 6 3 6 2 15 4 6 15 0
3 4 5 2 12 5 3 4 15 12 15 4 3
4 18 5 3 15 5 4 15 3 6 4 3 5
4 0 2 3 6 6 4 3 13 2 6 3 4
3 4 5 0 2 5 3 4 15 6 5 4 3
4 2 3 17 6 6 3 4 2 9 9 4 3
6 5 15 0 16 5 6 3 16 15 8 6 16
9 6 3 15 21 6 15 9 3 4 9 6 21
3 4 2 6 0 6 3 4 9 2 4 9 6
4 2 3 5 15 5 4 3 15 2 3 5 4
3 4 6 15 0 3 6 4 15 9 3 6 15
3 4 6 23 0 3 6 4 15 9 6 4 3
4 3 6 13 18 6 3 4 13 17 6 13 15
0 3 4 2 15 6 3 0 4 9 0 6 15
0 2 6 3 4 6 3 0 9 15 3 6 4
3 4 15 5 10 5 3 15 4 6 5 4 3
4 3 6 2 15 3 6 4 15 2 3 6 4
2 4 6 3 15 6 3 15 4 2 6 3 15
4 2 3 0 5 5 3 4 2 9 2 4 3
4 0 3 2 6 6 3 4 0 9 0 6 4
0 4 2 16 18 5 3 4 6 9 5 0 4
2 3 4 0 6 6 3 2 4 17 3 6 4
0 5 9 3 2 0 5 9 3 18 0 6 18
3 2 6 14 15 3 6 14 15 5 14 15 3
4 2 3 6 0 6 4 2 3 15 9 4 3
4 3 6 15 9 6 4 3 15 9 6 4 3
2 3 6 22 15 6 3 2 15 4 3 6 2
3 0 4 5 25 5 3 4 0 6 5 4 3
3 5 2 4 6 5 3 4 6 10 3 5 4
3 4 2 6 0 6 3 4 2 10 3 6 4
4 0 6 2 15 6 4 3 0 15 0 15 6
2 0 3 6 9 6 3 0 2 9 3 6 2
4 3 6 2 0 6 4 3 2 15 3 6 4
2 3 8 6 17 6 3 2 9 17 3 6 9
0 4 2 6 15 6 4 15 3 2 0 4 3
0 2 9 6 17 0 6 9 2 17 17 6 0
4 3 2 5 0 5 3 4 15 6 4 3 5
0 3 4 6 2 6 3 4 0 15 3 6 4
3 0 2 6 4 3 6 0 9 22 6 22 4
3 10 2 6 15 6 3 15 10 9 3 6 10
0 2 5 3 4 5 3 9 0 6 5 9 6
3 9 6 15 2 3 6 9 15 12 3 6 15
4 3 2 18 5 5 3 4 1 6 3 5 4
2 4 3 9 6 6 3 4 2 9 3 6 4
3 9 0 4 6 6 3 9 0 2 3 6 9
4 2 0 3 15 6 3 4 2 15 6 3 15
4 3 6 9 0 6 3 13 4 1 6 4 3
2 3 4 17 8 6 3 2 16 4 6 3 2
3 4 0 6 15 6 3 4 15 9 6 4 3
4 6 3 2 15 6 4 3 2 15 15 6 4
4 3 0 6 2 3 6 4 2 0 4 3 6
3 2 4 5 15 5 3 2 4 6 3 5 4
3 2 4 6 12 6 3 4 15 2 3 6 4
3 6 8 0 4 3 6 9 8 0 3 6 8
3 4 2 6 12 6 3 4 12 2 6 3 4
3 4 6 9 23 3 6 4 9 23 6 3 4
2 3 4 6 15 6 3 2 4 15 3 6 2
0 9 2 5 6 6 0 9 3 2 9 6 0
3 2 4 6 16 6 3 4 2 16 3 6 4
6 0 3 2 4 6 3 0 15 4 6 4 3
2 0 6 18 4 6 0 2 9 4 6 0 2
4 3 5 15 6 5 3 4 15 6 5 4 15
2 3 6 4 0 6 3 2 4 15 15 6 4
5 3 2 4 15 5 3 9 4 6 5 9 6
3 4 6 1 7 6 3 4 1 5 3 6 7
4 0 2 3 9 6 4 3 0 9 4 9 6
0 4 2 3 5 5 3 4 0 6 3 5 4
2 3 4 16 14 6 3 16 15 2 6 15 16
3 5 23 2 0 5 3 23 6 15 3 5 6
3 6 4 0 15 6 3 15 4 2 6 4 3
4 3 0 2 5 5 3 4 6 15 5 4 3
2 4 16 3 6 6 3 2 4 16 6 4 3
9 0 6 16 5 9 5 6 15 3 0 6 16
2 4 0 5 6 5 6 4 15 2 4 5 2
3 4 6 15 22 3 6 4 15 22 6 4 3
4 3 2 6 15 6 4 3 15 2 15 6 4
3 4 2 6 15 3 6 4 2 15 3 6 4
4 3 2 6 17 3 6 4 2 17 3 6 4
18 3 6 4 10 6 3 18 2 4 18 6 3
4 2 9 3 0 6 4 3 9 15 3 6 2
4 3 6 15 2 6 3 4 15 2 15 6 4
4 3 15 5 0 5 3 4 15 6 16 5 6
4 3 18 6 2 6 3 4 2 9 6 4 3
2 3 6 15 -1 2 3 6 15 -1 2 6 3
2 0 6 3 19 6 3 0 2 9 0 15 6
4 3 6 2 18 6 3 4 12 5 9 6 4
3 5 8 9 1 3 5 9 15 1 15 3 5
4 2 18 3 0 6 3 4 18 2 2 3 4
3 2 4 6 0 6 3 9 2 4 3 6 4
4 2 0 6 3 6 2 4 3 0 3 6 4
6 3 2 17 4 6 3 17 15 2 17 6 15
0 4 6 2 9 6 15 4 9 2 6 4 15
4 2 3 6 15 6 3 4 2 16 3 6 4
6 9 3 1 17 6 9 3 15 1 6 15 9
3 4 2 0 6 6 4 3 15 2 4 3 6
4 0 3 6 15 6 3 4 9 0 4 9 6
4 2 0 6 15 6 4 2 3 15 0 6 16
3 6 2 22 23 3 6 9 22 15 3 6 4
3 5 4 1 15 5 3 9 1 6 5 3 15
2 0 6 9 3 6 2 0 9 3 16 6 9
4 3 2 15 21 5 3 4 15 6 3 5 4
0 3 2 4 22 6 3 22 4 2 6 3 9
6 4 3 2 10 6 3 4 10 15 3 6 4
3 4 5 2 6 5 3 4 2 6 5 4 3
0 2 3 4 6 6 3 0 4 2 0 4 3
4 6 3 10 2 6 3 4 9 10 4 3 6
2 6 4 3 9 3 6 15 4 2 3 6 4
2 3 4 9 6 3 6 2 9 15 2 6 3
3 4 6 0 2 3 6 4 0 15 3 6 4
4 3 5 16 1 5 3 16 4 15 4 3 5
3 4 6 15 2 6 3 15 4 9 3 6 4
2 4 3 6 0 6 3 4 2 15 3 6 4
4 3 2 6 15 6 3 4 15 2 3 6 4
2 3 4 0 15 5 3 2 4 15 9 5 6
3 2 6 4 0 3 6 4 9 2 6 3 15
2 4 3 1 5 5 4 2 1 3 4 3 2
3 6 4 9 16 3 6 9 4 16 6 3 15
0 4 3 2 5 5 3 4 0 6 5 9 3
3 4 9 6 15 6 3 9 4 15 9 4 3
4 2 3 0 6 6 3 4 2 0 6 4 0
5 6 9 15 -1 5 6 9 15 -1 6 5 9
4 13 3 17 2 5 3 4 15 6 6 5 17
2 4 3 0 5 5 3 4 2 15 9 6 4
4 3 6 2 15 6 3 4 15 2 2 4 3
2 6 0 4 3 6 2 15 9 4 16 6 15
2 3 4 6 17 6 3 4 2 9 3 6 4
3 4 6 15 2 6 3 4 15 16 6 15 4
2 4 3 6 0 6 3 4 2 15 6 4 3
4 3 2 0 15 5 4 3 15 2 15 5 4
2 3 4 18 0 6 3 2 22 4 15 6 3
4 3 2 6 19 6 3 4 2 15 3 6 4
0 5 9 6 3 6 9 0 5 3 6 9 0
3 2 4 6 15 6 3 2 15 4 3 15 4
4 2 3 0 5 5 3 4 15 0 15 5 4
4 3 2 5 15 5 3 4 6 15 6 4 15
3 4 6 0 2 3 6 4 0 2 3 6 4
3 4 0 16 6 3 6 16 4 15 16 4 3
6 0 9 3 15 6 3 9 0 15 15 0 3
6 -1 -1 -1 -1 6 -1 -1 -1 -1 6 -1 -1
3 5 9 4 16 3 5 16 6 4 6 5 3
4 6 3 15 17 6 3 4 15 9 3 6 4
4 3 2 6 15 3 6 4 15 2 15 6 4
3 2 4 6 18 6 3 4 2 21 4 21 6
3 2 6 15 4 3 6 2 15 16 3 6 15
0 2 6 3 9 6 0 2 3 9 3 0 6
3 4 2 5 9 5 3 9 4 15 15 5 3
4 3 6 2 17 6 3 4 15 2 6 4 3
4 5 3 6 16 5 4 3 6 15 9 6 7
3 4 2 6 17 6 3 4 2 15 6 4 3
25 3 6 15 1 6 25 15 9 3 6 25 15
3 4 2 5 17 5 3 4 1 6 15 6 9
4 0 9 5 19 5 4 0 3 9 9 6 5
3 2 4 6 15 3 6 2 9 4 3 6 2
2 4 3 6 15 6 3 4 9 15 9 6 3
3 4 17 24 9 6 3 17 4 9 17 6 9
4 3 2 6 15 6 3 15 4 9 6 3 4
6 2 3 4 15 6 3 15 4 9 6 15 3
2 0 6 9 5 6 0 9 2 3 6 3 2
0 2 18 3 6 6 3 2 0 4 3 6 4
4 3 6 5 9 3 6 4 13 15 4 3 6
2 9 0 6 16 6 2 16 3 9 6 16 9
3 6 0 4 2 6 3 15 4 16 3 6 4
3 4 2 22 14 5 3 22 14 16 9 6 22
4 18 0 3 5 5 3 4 6 18 3 5 4
4 2 3 0 15 6 4 15 3 2 3 6 4
18 15 3 4 17 5 15 3 4 18 5 3 15
2 4 3 5 15 5 3 2 4 6 5 4 3
3 4 6 15 10 3 6 4 15 14 3 6 4
0 3 6 4 15 6 3 15 0 9 6 3 15
3 1 6 4 9 3 6 1 4 23 3 6 4
2 0 3 4 5 5 3 2 4 15 5 4 3
3 6 16 15 4 3 6 16 15 23 6 3 15
4 0 2 3 6 6 3 4 15 9 0 4 3
8 4 18 3 6 6 8 4 3 15 3 6 4
2 3 4 6 15 6 3 2 9 15 2 6 3
3 5 2 6 4 5 3 15 6 4 6 5 3
4 0 2 3 6 6 4 3 2 0 0 4 3
3 18 4 2 0 6 3 4 18 2 18 4 3
4 0 17 3 9 6 3 4 17 9 6 4 3
4 3 0 5 2 5 3 4 9 0 6 5 4
3 4 2 6 15 3 6 4 2 9 6 3 4
2 3 4 6 0 6 3 2 9 15 3 6 2
4 3 2 0 6 6 4 3 15 14 6 4 3
4 3 2 6 15 6 3 4 15 2 4 3 6
4 2 6 3 15 6 3 4 15 2 4 3 6
3 2 0 8 6 6 3 2 13 9 3 6 9
4 8 3 2 6 6 4 3 8 2 4 6 3
0 9 4 15 3 5 15 9 6 0 15 5 6
0 4 3 2 15 3 6 0 4 15 0 3 6
0 3 4 13 6 6 0 3 4 13 3 6 4
4 3 6 9 2 6 3 4 9 15 6 4 15
3 2 0 4 6 3 6 4 2 0 6 4 3
3 2 6 0 4 6 3 15 2 4 3 6 15
2 3 4 6 0 3 2 9 4 6 9 4 3
3 0 4 6 21 3 6 4 0 9 3 6 4
3 0 4 6 15 3 6 4 0 9 0 3 4
5 18 0 3 13 5 3 6 9 15 3 5 6
2 3 15 0 6 3 6 2 15 9 15 3 6
3 0 4 6 2 3 6 0 4 15 0 4 3
3 4 2 6 9 3 6 4 23 9 4 3 6
0 3 4 2 6 3 6 0 4 2 0 4 3
2 3 4 5 17 3 5 2 4 9 2 4 3
3 2 4 6 15 6 3 4 2 15 4 9 6
2 3 4 0 6 6 3 4 2 19 3 6 4
2 0 4 3 6 6 3 2 9 4 9 6 4
4 3 0 2 5 5 3 4 0 9 0 4 3
4 3 0 6 13 13 3 6 4 16 3 6 4
3 4 2 5 17 5 3 4 6 2 5 3 9
21 2 3 9 6 6 21 3 15 2 6 3 15
4 6 3 15 0 6 4 3 15 0 3 6 4
2 4 0 3 6 6 4 3 2 16 6 9 15
3 4 9 6 1 3 6 9 4 1 4 9 6
4 2 3 0 6 6 3 4 2 15 6 4 3
3 6 4 9 15 3 6 9 15 4 9 4 3
2 16 0 6 3 6 2 3 16 0 3 6 16
3 0 4 18 2 3 6 4 0 15 6 3 4
2 3 6 0 5 6 3 2 9 15 9 6 3
0 2 5 3 9 5 0 9 3 2 0 5 3
4 0 5 3 2 5 4 6 15 3 5 4 3
4 3 17 5 15 5 3 4 6 15 5 4 3
3 4 6 0 2 6 3 4 15 0 3 6 4
4 3 6 2 0 6 3 4 15 2 6 15 4
2 9 6 15 3 6 2 9 3 15 15 6 3
2 9 3 6 13 13 3 9 6 15 3 6 9
3 4 5 9 2 5 3 4 9 15 9 4 3
6 4 2 3 9 6 4 3 2 15 6 3 4
12 9 6 15 2 6 12 9 15 3 12 6 15
4 0 6 3 15 6 3 4 15 0 4 3 6
3 -1 -1 -1 -1 3 -1 -1 -1 -1 3 -1 -1
4 2 18 3 0 6 3 4 18 2 4 9 6
2 3 4 6 15 3 6 4 2 15 3 6 4
0 4 3 6 2 6 3 4 15 0 6 15 9
3 2 6 18 9 3 6 2 9 15 6 9 15
2 0 6 9 4 6 2 9 0 3 9 6 2
3 2 6 4 16 6 3 2 4 9 6 4 1
3 2 15 4 6 13 3 6 15 2 6 15 3
4 3 5 2 15 5 4 3 15 6 4 3 5
6 3 4 5 15 3 5 6 15 4 3 5 4
5 6 0 4 3 5 6 3 15 16 15 3 6
3 13 6 0 9 6 3 15 9 13 3 6 15
0 2 4 6 13 6 16 0 15 2 9 16 13
2 6 0 4 3 6 2 0 3 9 2 6 3
2 3 6 0 15 6 3 2 15 9 15 9 6
3 4 5 15 6 5 3 15 6 4 3 5 4
2 4 3 0 6 5 2 3 6 4 3 5 2
4 2 3 9 6 6 3 4 2 9 4 3 6
3 0 4 2 6 5 3 6 1 4 5 4 3
4 2 0 3 13 13 4 6 3 9 6 4 13
3 0 6 4 15 3 6 0 15 4 3 6 0
3 4 6 2 1 6 3 1 4 9 3 6 9
2 4 3 6 9 6 3 4 2 9 6 2 3
3 4 2 6 15 6 3 4 15 2 6 2 3
3 9 5 6 0 5 3 6 9 15 0 6 16
4 5 3 6 15 5 6 3 15 4 6 5 4
0 2 4 6 3 6 4 0 2 3 3 6 4
2 4 6 9 3 6 3 2 4 9 2 4 6
4 3 17 0 6 6 3 4 17 15 4 9 6
3 4 6 15 2 6 3 4 15 2 3 6 4
4 0 2 3 6 6 0 4 3 2 6 0 4
9 3 6 15 5 3 6 9 15 13 13 9 3
0 18 5 3 9 5 6 3 9 0 12 6 9
3 4 2 6 15 6 3 15 4 2 6 3 4
4 2 3 6 15 6 4 3 2 15 6 4 3
3 4 5 2 15 3 5 4 15 9 5 3 6
4 3 5 6 9 5 3 4 6 15 3 5 4
3 5 2 6 0 5 3 6 15 2 0 6 16
2 3 0 6 10 6 3 2 0 15 3 6 2
3 2 6 4 12 3 6 15 2 1 3 6 15
4 0 5 3 6 5 4 0 3 6 5 4 3
3 4 5 2 15 5 15 3 6 4 5 4 15
3 5 0 4 15 5 3 4 0 2 0 5 4
4 3 15 6 2 6 3 4 15 9 15 6 4
3 5 4 9 17 5 3 4 6 17 9 6 5
4 3 15 6 2 6 3 4 15 9 6 4 15
2 0 3 6 4 6 3 9 0 10 6 3 2
6 3 0 15 5 6 3 0 9 15 3 6 0
3 4 0 6 15 3 6 4 16 15 3 6 4
0 4 3 5 2 6 3 0 5 4 16 6 12
4 0 15 3 9 6 3 15 4 9 6 4 15
2 0 6 4 15 6 2 3 15 4 0 4 3
4 3 6 2 9 6 4 3 9 2 4 3 6
3 4 6 1 9 3 6 4 9 1 3 6 4
3 6 4 2 1 3 6 4 1 15 3 6 4
2 0 3 4 6 6 3 2 0 9 3 6 4
4 3 2 6 16 6 3 4 15 16 3 6 4
9 3 5 6 4 5 3 9 6 15 16 5 6
4 3 2 0 5 5 4 3 15 2 4 3 5
17 3 2 6 4 6 17 3 2 4 17 4 3
2 0 6 3 18 6 0 9 2 3 0 6 9
3 0 4 15 6 6 3 15 4 9 3 6 4
3 4 6 1 0 3 6 4 1 15 4 3 6
4 3 6 15 16 6 4 3 16 15 4 3 6
0 2 3 9 6 6 9 0 3 2 6 9 0
2 4 3 13 6 13 3 4 2 6 3 9 4
2 3 4 0 5 5 3 2 6 4 3 5 2
3 4 2 6 15 6 3 4 15 2 4 3 6
3 6 9 2 1 3 6 1 9 15 3 6 9
4 3 33 2 18 6 3 4 33 15 6 4 3
4 3 6 9 15 3 6 4 15 9 6 4 3
6 -1 -1 -1 -1 6 -1 -1 -1 -1 6 -1 -1
3 9 2 5 15 5 3 9 2 6 15 6 5
4 3 2 18 5 5 3 9 4 2 5 4 3
0 6 2 3 15 6 3 15 2 16 3 6 16
3 4 14 6 9 6 3 14 4 9 14 6 15
2 4 3 6 15 6 3 4 2 15 6 4 3
2 4 6 3 0 6 3 4 2 23 2 3 6
4 3 6 2 18 6 3 4 15 9 6 3 4
3 4 6 18 2 6 3 4 15 18 4 15 6
4 0 18 15 6 6 9 4 3 15 9 4 3
4 3 5 6 15 5 4 3 6 15 3 5 4
2 4 3 6 5 5 3 2 6 15 3 5 4
4 2 3 6 15 6 3 4 2 15 3 6 4
6 3 4 9 0 6 3 15 4 9 6 4 3
2 0 3 6 9 6 2 0 3 9 6 2 0
3 4 5 6 15 5 3 6 15 4 3 5 4
2 4 5 3 15 5 3 4 2 15 3 5 4
2 0 3 16 6 6 3 16 9 15 16 3 6
4 6 3 0 15 6 3 4 15 9 6 4 3
4 2 3 6 15 6 4 3 2 9 3 6 4
2 4 15 3 6 2 6 3 4 15 2 6 3
0 4 5 15 9 5 9 6 3 4 3 5 9
4 2 3 0 9 5 3 9 4 6 3 5 6
0 2 3 5 9 5 0 3 2 9 9 6 5
2 3 6 4 0 6 2 3 4 15 3 6 2
3 4 2 18 15 6 3 4 15 2 15 6 4
3 6 2 4 9 6 3 2 4 15 3 6 4
4 3 2 5 6 5 3 4 6 15 3 5 4
0 2 3 4 6 6 3 2 4 0 0 9 6
2 0 3 9 5 5 2 9 3 6 2 3 5
3 2 0 4 6 6 3 2 4 9 4 9 6
0 4 2 6 3 6 15 3 4 2 6 4 15
3 6 -1 -1 -1 3 6 -1 -1 -1 3 6 -1
4 18 2 3 0 6 3 4 2 9 3 6 4
4 2 3 0 18 6 3 4 9 2 3 9 4
4 3 6 2 15 6 4 3 15 9 6 4 3
2 3 4 6 15 6 3 4 15 2 6 3 4
5 4 3 9 6 5 6 9 3 4 5 3 4
3 2 4 5 15 5 3 6 15 2 6 5 3
4 3 2 5 17 5 3 4 6 2 4 3 5
3 4 6 15 9 3 6 4 15 9 6 4 3
4 2 3 6 22 6 3 4 2 9 6 3 4
2 3 9 6 4 6 3 2 9 4 2 6 3
4 3 2 6 22 6 3 4 2 15 3 6 4
0 18 3 6 16 6 3 0 18 16 6 3 4
2 3 4 6 0 6 3 2 4 9 2 4 3
2 0 4 3 13 6 3 0 2 4 3 6 4
4 18 9 3 2 5 4 3 9 6 5 3 4
3 4 2 6 15 3 6 4 15 9 6 4 15
