4 2 5 9 3 5 4 9 6 2 5 4 9
6 3 9 2 1 6 3 9 15 1 15 6 9
3 6 4 1 2 6 3 1 4 15 1 6 4
4 3 6 18 2 6 3 4 15 2 6 4 16
2 0 3 4 9 5 3 0 9 4 3 5 4
3 0 6 9 16 6 3 9 16 15 16 6 15
2 4 0 3 6 6 3 2 15 4 3 6 15
4 3 0 2 6 6 3 4 2 0 6 4 3
4 2 3 5 6 6 3 4 1 2 3 6 4
3 4 6 0 2 3 6 4 15 1 9 4 6
2 3 4 6 0 3 6 9 15 2 9 6 3
4 2 0 6 3 6 3 15 4 9 9 4 3
3 0 17 1 5 5 3 1 17 14 12 6 14
0 4 3 2 9 5 3 4 6 9 4 9 6
4 3 9 6 16 3 6 4 16 9 3 6 4
4 6 3 15 2 6 3 4 15 16 4 3 6
4 0 3 2 5 5 4 3 15 6 5 4 3
6 3 17 15 2 6 3 15 9 4 9 6 12
0 3 5 4 15 5 3 15 6 0 3 6 16
4 3 2 6 15 6 3 15 4 2 3 6 4
3 4 5 6 23 3 5 6 4 15 3 5 4
4 2 17 3 15 5 3 15 4 17 5 15 3
6 2 4 3 0 6 3 4 15 2 3 6 4
0 3 5 4 15 5 3 15 6 9 12 6 9
6 5 3 9 1 5 3 6 9 15 3 5 6
3 2 6 4 1 3 6 2 4 9 3 6 4
4 3 2 6 9 6 3 2 4 15 6 3 4
3 5 2 16 4 5 3 6 15 4 15 4 3
2 3 4 5 9 5 3 2 6 4 3 6 5
4 0 3 6 2 3 6 4 9 0 4 3 6
4 0 3 2 6 6 4 3 0 15 6 4 3
3 4 9 6 16 6 3 9 4 16 4 9 6
4 2 18 6 17 6 4 3 15 2 3 6 4
2 3 6 4 1 6 3 1 15 2 6 3 1
2 4 3 6 5 5 6 2 3 4 3 5 4
0 6 9 15 4 0 6 9 15 3 0 6 9
0 4 2 6 3 6 3 4 0 16 3 6 4
0 4 6 2 3 6 4 3 15 2 4 3 6
3 4 2 5 6 5 3 6 4 9 6 4 5
3 2 6 1 15 3 6 2 15 9 3 6 9
3 9 6 5 15 3 6 9 15 5 9 6 3
2 4 3 6 0 3 6 2 4 9 6 3 4
4 3 2 0 6 6 3 4 2 9 3 6 4
3 4 2 6 0 6 3 4 15 2 3 6 4
3 4 5 0 15 5 3 15 4 12 12 4 3
2 3 6 16 9 3 6 2 15 9 3 6 2
3 16 5 4 2 5 3 16 4 6 6 5 1
0 2 3 16 4 6 3 4 0 2 9 4 0
2 0 3 5 9 5 3 2 9 0 9 5 6
4 3 6 2 9 6 3 4 15 9 4 3 6
2 3 6 9 15 6 3 2 9 15 3 6 15
3 4 9 6 12 6 3 4 9 12 3 15 4
2 0 3 5 17 5 3 2 0 15 5 3 2
2 3 6 15 4 3 6 2 15 16 3 6 2
3 5 2 6 17 3 5 6 2 17 6 5 3
4 2 6 3 0 6 3 4 2 15 6 3 4
4 5 3 9 6 5 3 4 6 9 5 4 3
3 2 4 6 15 6 3 2 4 15 3 6 4
3 4 2 5 9 5 3 9 4 2 6 5 15
4 2 15 6 3 6 4 15 3 2 3 6 4
2 0 6 3 15 6 2 3 0 15 2 3 6
9 7 6 3 2 6 9 7 3 2 7 6 9
4 3 2 13 6 4 13 6 3 2 13 4 3
3 0 4 5 2 5 3 6 4 15 5 4 6
3 4 6 0 8 3 6 4 15 0 3 6 4
4 2 3 6 15 6 4 3 2 9 3 6 4
3 6 4 0 18 6 3 9 4 0 3 6 4
0 2 3 4 5 5 3 2 4 0 0 4 3
4 2 0 3 22 6 3 4 22 2 0 4 22
3 6 2 4 1 6 3 1 2 15 6 3 2
0 3 4 2 6 6 3 4 0 9 9 6 4
4 0 3 2 6 6 3 4 0 15 4 3 9
4 3 0 6 9 6 3 4 9 0 6 4 3
2 6 4 3 5 5 3 15 6 2 5 4 15
4 2 3 6 15 6 3 4 15 2 3 6 9
23 5 3 1 9 5 3 9 15 23 23 5 6
4 15 6 3 2 6 4 3 15 9 6 15 4
3 2 16 13 4 13 3 6 2 15 6 13 3
2 4 3 6 0 6 4 3 2 15 2 4 15
4 3 6 5 15 5 3 4 6 9 3 5 6
2 6 3 4 9 6 2 3 9 15 6 3 2
3 4 5 18 2 5 3 4 6 9 9 6 5
4 3 0 2 6 6 3 4 15 2 4 3 6
3 2 4 6 8 3 6 4 2 15 3 6 2
6 15 2 4 3 6 15 2 4 3 6 2 4
3 4 6 1 12 3 6 9 4 1 3 6 4
2 5 6 15 -1 2 5 6 15 -1 2 5 6
6 4 9 5 3 6 4 9 15 3 6 4 15
3 4 6 15 0 6 3 15 4 10 6 3 15
2 3 6 9 1 3 2 6 9 15 3 6 9
3 2 5 4 6 5 3 6 15 16 5 4 3
3 4 5 13 2 3 5 4 6 15 15 5 4
21 3 2 4 6 6 7 21 3 4 3 6 21
4 3 2 9 6 6 4 3 9 2 3 6 4
7 2 4 3 17 13 5 3 7 2 13 5 4
2 4 3 6 0 6 3 4 2 9 2 4 3
2 4 0 5 15 5 15 4 3 6 15 6 5
4 3 2 6 22 6 3 4 15 0 3 15 4
4 2 3 5 0 5 4 3 2 6 4 9 6
2 3 5 17 6 5 2 3 6 4 3 5 4
3 4 6 0 15 3 6 4 16 15 4 3 6
2 4 6 3 0 6 3 4 2 15 3 6 4
3 2 17 6 21 6 3 2 21 15 21 9 6
3 2 15 9 5 5 3 15 9 2 2 6 3
6 16 3 4 2 6 3 16 15 4 6 16 15
5 4 3 6 0 6 3 5 4 15 5 4 3
3 2 4 6 15 3 6 4 9 15 9 4 3
3 4 0 5 6 6 3 5 4 15 6 4 5
6 0 15 4 9 6 15 9 4 0 0 6 16
3 2 6 4 15 3 6 2 15 4 6 3 2
4 3 2 0 6 6 3 4 15 9 9 4 3
3 4 0 9 2 6 3 4 15 0 15 4 3
4 0 3 2 6 6 3 4 0 2 15 6 4
4 3 2 6 21 6 3 4 2 15 6 4 3
0 2 4 3 6 6 3 0 9 2 0 4 3
4 2 3 15 6 3 6 4 15 2 15 4 3
4 2 3 0 5 5 3 4 6 2 3 5 4
4 3 2 6 15 6 3 4 15 9 6 4 15
4 0 3 2 6 6 4 3 15 9 6 15 0
4 2 3 6 15 6 3 4 2 15 3 6 4
3 4 2 6 15 6 3 4 2 15 15 6 4
4 3 2 5 9 5 3 4 2 9 4 3 5
2 0 4 3 6 6 2 0 4 3 6 2 0
2 4 6 3 0 6 3 4 2 15 3 6 4
3 2 6 15 4 3 6 15 2 4 3 6 15
2 4 3 0 6 6 3 4 15 0 6 4 3
3 4 6 15 2 6 3 15 4 12 3 15 6
4 0 2 6 15 6 4 0 2 15 2 6 0
2 4 6 3 0 6 3 2 15 4 6 2 3
3 4 6 2 15 3 6 4 15 9 3 6 4
2 3 5 0 4 5 3 2 6 15 5 9 6
0 21 4 3 6 6 3 4 0 21 0 6 4
4 3 0 6 15 6 3 4 9 15 3 6 4
3 4 6 15 9 6 3 4 15 12 3 6 4
3 6 0 15 10 3 6 15 0 10 6 3 15
0 2 4 6 3 6 2 0 3 4 9 4 3
2 3 0 4 6 6 3 2 15 9 0 6 16
2 6 3 4 9 6 3 2 9 4 4 3 6
4 2 5 3 0 5 4 3 6 15 5 4 6
3 2 4 0 15 5 3 4 2 15 6 5 0
3 2 6 4 15 3 6 15 2 1 3 6 15
4 2 3 5 0 5 3 4 2 15 5 3 4
4 2 0 6 3 6 3 4 2 0 3 6 4
4 3 2 0 15 6 3 4 15 2 9 6 0
4 3 2 5 6 5 3 4 2 16 15 5 6
2 4 3 0 5 5 3 4 2 6 15 6 5
2 18 3 4 5 5 3 2 9 6 3 5 6
4 3 6 18 9 6 3 4 9 15 9 4 3
2 6 0 3 9 6 3 2 15 0 3 6 0
18 3 20 4 6 5 3 20 10 15 3 18 20
3 2 4 6 15 6 3 4 2 15 3 6 4
3 4 15 5 9 5 3 15 4 6 5 3 6
4 3 6 17 2 6 3 15 4 17 15 4 3
5 2 3 6 0 3 6 5 2 23 3 5 6
2 3 6 4 9 6 3 9 2 1 6 3 1
4 2 3 6 15 6 3 4 15 2 6 4 3
2 0 4 6 3 6 2 9 0 3 3 6 0
4 2 6 3 23 6 3 23 15 4 6 4 3
4 3 0 6 2 6 3 4 0 15 3 6 4
4 2 14 3 6 6 3 4 16 15 3 6 4
4 3 6 2 5 5 4 3 6 15 3 5 6
6 -1 -1 -1 -1 6 -1 -1 -1 -1 6 -1 -1
0 6 3 12 17 6 3 15 9 12 15 17 9
2 6 15 3 13 6 15 2 3 16 15 3 6
4 13 2 17 3 6 3 4 13 17 3 6 4
2 4 0 5 3 5 3 4 6 2 3 5 4
2 3 0 15 6 6 3 2 0 9 6 9 15
2 3 0 9 6 3 6 2 0 9 3 6 2
4 0 3 2 18 5 4 3 2 0 3 5 6
3 15 6 2 9 6 3 15 9 2 3 6 15
2 4 0 3 6 6 3 4 2 9 3 6 4
2 3 6 4 15 6 3 15 2 4 6 3 2
0 2 4 3 6 6 3 4 9 0 3 6 4
0 4 3 5 6 5 3 4 6 9 0 6 16
3 4 6 15 16 3 6 4 15 16 6 3 4
2 3 6 13 14 2 6 3 13 14 2 6 3
3 6 9 15 4 6 3 9 15 4 3 6 15
0 2 4 6 3 6 0 4 2 3 0 6 4
9 0 6 2 3 6 3 9 0 20 6 0 3
0 2 4 5 3 5 4 2 0 6 6 5 4
2 6 3 15 9 6 2 15 3 9 3 9 6
4 2 5 3 15 5 4 3 15 9 16 5 9
0 2 4 3 6 6 3 0 2 9 6 4 3
4 3 5 15 9 5 3 15 4 9 5 4 3
2 3 4 5 17 5 3 6 15 2 15 6 5
3 6 4 15 2 6 3 15 4 9 3 6 15
2 6 0 4 9 6 2 9 16 15 6 15 2
4 3 6 9 12 3 6 4 9 15 4 3 6
2 4 17 3 5 5 17 4 2 3 6 4 5
4 3 2 5 15 5 3 4 6 9 5 4 3
3 4 0 6 15 6 3 15 4 9 6 15 3
4 2 6 3 0 6 3 4 9 2 9 4 3
6 3 4 2 15 6 3 15 4 2 2 4 3
3 2 6 9 15 6 3 15 2 9 15 9 3
2 4 6 15 33 6 15 3 33 2 3 6 15
4 3 0 6 16 6 3 4 0 16 3 6 4
17 15 6 9 3 6 15 9 3 17 6 9 3
3 4 2 5 9 5 3 4 9 2 15 6 5
3 6 9 4 2 6 3 9 16 4 15 9 14
3 4 6 2 15 6 3 4 15 2 4 3 6
2 4 3 0 6 6 3 2 4 15 6 4 3
2 4 0 3 6 6 3 4 2 9 3 6 4
0 2 25 9 6 0 6 9 2 3 3 6 0
3 4 2 18 6 6 3 4 2 15 6 3 4
4 3 0 2 5 5 3 4 0 9 5 3 4
4 5 0 6 9 6 4 0 5 3 0 6 5
4 3 0 6 2 6 3 4 15 9 0 4 3
2 0 3 4 6 6 3 2 4 0 3 6 4
2 4 0 3 6 6 3 2 4 0 3 6 2
2 4 3 6 15 6 3 4 9 2 3 6 4
6 3 9 15 12 6 3 9 15 12 9 15 6
3 4 6 2 0 3 6 4 2 9 3 6 4
3 6 16 2 9 6 3 16 15 9 6 3 16
3 5 2 6 15 3 5 15 6 9 3 5 15
4 2 3 0 6 6 3 4 2 15 3 6 4
3 4 5 0 21 5 3 4 6 21 5 4 3
3 4 2 5 6 3 5 4 6 2 5 3 4
4 3 0 9 6 6 3 4 9 15 3 6 4
0 2 3 6 9 6 9 3 2 0 0 9 6
2 0 4 18 6 6 2 3 4 0 3 6 2
4 2 3 5 15 5 3 4 2 6 5 4 3
3 4 2 6 9 3 6 4 15 2 16 15 6
3 2 10 6 1 3 6 4 2 1 1 6 4
4 3 6 2 15 6 3 4 15 2 3 6 4
0 3 2 4 5 5 3 0 4 6 3 6 4
4 3 15 6 16 6 3 4 15 2 3 6 4
2 4 3 15 5 5 2 3 4 15 3 5 4
4 3 6 9 18 3 6 4 1 9 3 6 4
3 4 5 17 6 3 5 17 9 4 15 6 9
4 3 5 6 15 3 5 4 6 15 3 5 4
3 4 5 6 15 5 3 4 6 15 15 6 3
3 4 6 2 17 6 3 4 21 15 3 6 4
3 6 16 -1 -1 3 6 16 -1 -1 3 6 16
3 4 6 15 2 6 3 4 15 9 3 6 4
3 4 6 15 9 6 3 4 15 9 6 3 4
6 3 2 4 0 6 3 4 9 15 2 6 3
3 4 0 2 6 6 3 4 15 0 6 3 2
2 5 4 3 6 5 3 2 9 6 3 5 6
2 5 3 25 4 5 3 2 9 25 6 5 3
2 4 3 0 6 6 3 4 2 15 3 6 4
3 2 6 9 0 6 3 9 15 2 6 3 15
0 3 4 5 2 5 3 15 4 6 3 5 4
3 2 6 15 9 6 3 15 2 9 3 6 9
3 6 0 4 9 6 3 9 0 4 3 6 9
2 0 3 4 9 5 3 2 4 9 3 6 4
0 3 6 4 2 6 3 15 4 9 15 6 4
9 3 6 4 2 3 6 4 9 23 4 9 6
3 4 0 6 16 6 3 4 0 9 6 4 3
4 3 6 15 2 6 3 4 15 9 6 4 3
4 0 6 3 2 6 4 3 0 15 3 6 4
3 4 5 15 17 5 3 15 4 6 5 3 6
3 4 2 0 6 6 3 4 15 2 6 4 3
3 4 15 6 9 3 6 15 4 9 15 6 14
0 2 3 4 15 6 0 3 4 9 0 6 3
4 3 23 6 15 6 3 4 23 15 3 4 23
2 3 4 6 22 6 3 2 22 4 3 6 4
2 4 5 6 3 5 4 2 6 3 5 4 3
3 5 0 6 15 5 3 6 15 0 0 5 6
4 3 5 2 15 5 4 3 6 15 3 4 5
4 2 5 3 6 5 3 6 4 2 3 5 4
2 6 15 3 9 6 2 15 3 9 6 2 3
3 0 4 6 5 5 3 9 0 4 0 5 3
2 0 5 3 12 5 2 3 0 9 3 5 2
3 2 4 5 15 5 3 6 15 2 3 5 6
3 2 6 1 9 3 6 1 9 2 9 6 23
3 2 4 6 0 6 3 4 2 15 6 3 4
3 4 0 5 15 5 3 15 4 16 5 4 15
4 3 2 6 9 3 6 9 4 15 3 6 9
3 6 4 9 7 6 3 9 4 7 12 14 15
2 4 0 3 6 6 2 4 3 15 2 4 6
6 2 3 4 0 6 3 2 14 0 3 6 9
2 3 9 6 15 6 3 2 9 15 3 6 2
3 4 6 2 15 6 3 4 15 2 15 4 3
3 4 2 0 6 6 3 4 2 9 4 9 6
4 3 6 15 2 6 3 4 15 9 3 6 4
4 3 2 5 0 5 3 4 15 9 4 3 5
3 6 4 9 5 6 3 9 15 4 12 5 6
2 4 0 15 3 6 3 2 15 4 3 6 4
3 9 6 5 4 3 6 5 9 4 5 6 3
3 4 15 6 9 3 6 4 15 16 6 15 16
2 3 4 6 15 6 3 15 4 2 2 6 3
0 4 3 2 6 6 3 4 0 9 3 6 4
3 13 4 6 9 13 3 6 4 15 9 6 1
0 5 15 3 6 5 15 3 6 9 15 5 9
4 3 6 1 18 6 3 1 4 12 3 6 4
4 2 3 6 15 4 6 3 2 9 9 4 3
3 0 4 18 5 5 3 6 0 9 9 6 0
3 4 2 15 5 5 3 15 4 9 5 4 15
4 2 3 6 9 6 3 4 2 9 6 4 15
4 5 3 2 6 6 5 3 15 4 6 5 4
3 9 6 0 15 6 3 9 15 0 3 6 9
0 4 2 3 9 5 4 9 3 2 3 5 4
4 3 6 15 9 3 6 4 15 9 4 3 6
4 3 0 2 5 5 3 4 2 0 0 4 3
3 0 4 2 6 3 6 4 9 15 3 6 4
3 5 4 9 15 3 5 15 4 6 5 4 6
2 0 4 3 6 6 3 2 4 0 0 4 3
4 2 3 6 0 6 3 4 2 15 3 6 4
3 2 5 9 6 3 5 2 15 6 5 3 2
4 2 0 5 3 5 4 3 2 9 9 6 5
3 4 0 6 2 6 3 4 15 0 3 6 4
2 3 0 4 6 6 3 13 2 4 3 6 4
4 3 0 2 6 6 3 4 16 2 0 6 16
3 4 6 0 2 6 3 4 15 9 3 5 4
4 3 6 0 15 6 3 4 15 9 3 6 4
4 2 5 0 6 5 6 4 2 0 3 5 4
3 4 0 6 15 6 3 4 0 9 3 6 4
2 4 3 6 15 6 15 4 3 2 15 6 4
3 4 2 5 15 5 3 4 15 6 5 4 3
4 3 2 5 6 5 3 4 16 2 16 6 5
0 2 3 5 16 5 0 3 2 6 6 5 15
5 2 4 3 9 5 3 2 6 15 5 9 3
3 4 9 6 16 6 3 15 16 9 3 6 4
4 3 5 6 15 5 3 4 6 15 3 6 4
2 0 9 6 15 6 2 9 0 15 9 2 6
4 6 3 2 15 6 3 4 15 12 4 3 6
4 3 0 5 2 5 3 0 4 15 15 4 5
4 2 3 6 10 6 3 4 2 8 3 6 4
2 4 0 5 3 5 3 4 6 2 2 3 4
3 4 6 0 10 6 3 4 13 9 6 4 3
4 3 2 6 23 6 3 4 2 15 3 6 4
3 6 15 9 4 6 3 15 9 4 3 6 9
4 3 2 6 15 3 6 4 2 15 3 6 4
3 4 6 16 15 6 3 4 15 9 6 4 3
0 3 4 6 13 3 6 0 4 13 3 6 4
3 4 15 6 2 3 6 4 9 15 15 4 3
4 3 2 5 9 5 3 4 6 2 4 3 5
2 4 0 3 6 6 3 4 2 15 4 3 6
2 0 3 4 9 6 3 9 4 2 4 9 6
3 4 2 15 6 3 6 4 15 2 6 3 15
3 4 0 2 6 6 3 4 0 15 9 6 0
2 0 4 3 6 6 4 3 0 2 6 4 3
3 4 2 15 6 6 3 4 15 2 17 6 15
2 13 4 17 5 5 9 13 3 6 5 9 3
3 2 5 6 15 3 5 6 15 2 3 6 5
2 3 23 6 4 6 3 22 4 15 23 4 3
4 2 3 0 6 6 3 4 2 0 6 3 4
2 3 5 15 16 5 3 15 2 6 5 3 6
3 4 6 15 9 3 6 4 9 15 6 3 9
0 4 2 3 6 6 3 4 9 15 4 9 6
3 4 6 0 2 6 3 4 15 9 4 3 6
3 6 25 0 2 6 3 15 25 9 3 6 9
2 6 5 15 3 2 5 6 15 3 2 5 6
4 2 3 6 15 6 3 4 2 15 15 6 4
3 4 6 8 15 3 6 16 1 8 6 3 4
4 3 6 2 0 6 3 4 2 9 3 6 4
4 0 2 3 5 5 3 4 2 0 0 5 4
3 4 6 19 1 3 6 4 15 19 4 3 6
2 3 9 6 0 3 6 16 15 9 3 6 15
0 2 4 3 5 5 3 6 4 2 4 9 3
3 4 16 6 2 6 3 4 16 15 6 3 4
3 2 5 6 9 5 3 6 15 2 15 5 27
3 4 2 6 17 6 3 4 15 2 4 3 6
4 3 9 16 5 5 3 16 4 9 12 9 19
18 2 4 3 17 6 3 18 4 2 3 6 4
2 0 4 6 3 6 2 0 9 3 6 2 0
0 15 6 4 5 5 15 6 0 3 15 6 16
2 0 3 4 6 6 3 2 0 4 3 6 4
4 3 2 0 6 6 4 3 9 2 3 6 4
3 2 4 9 0 6 9 4 2 3 4 9 6
0 4 5 2 3 5 0 3 4 6 3 5 4
3 6 4 15 9 6 3 15 9 4 2 6 15
3 4 2 6 0 3 6 4 15 2 6 4 3
6 2 3 9 18 6 3 2 9 18 18 15 3
0 17 2 5 4 5 15 6 0 17 5 17 6
3 4 12 6 10 3 6 4 12 9 6 4 3
0 2 4 3 6 6 3 2 0 4 4 0 6
7 3 21 0 4 3 6 7 21 9 3 6 7
4 0 3 2 5 5 3 4 6 0 5 4 3
9 3 4 6 2 6 3 9 4 15 6 3 9
3 0 2 4 6 6 3 4 2 15 4 15 6
6 2 9 3 5 6 9 3 5 15 6 5 9
2 3 4 22 0 3 6 2 9 4 2 6 3
3 0 2 18 17 5 3 9 15 0 5 3 9
3 5 4 2 0 5 3 15 4 6 5 4 1
3 4 5 9 6 3 5 4 9 6 5 3 4
12 6 18 3 2 6 3 12 15 2 23 12 3
4 3 0 6 2 6 3 4 16 0 4 3 6
4 3 0 2 6 6 3 4 15 2 4 15 6
0 2 4 6 15 6 4 3 15 0 15 6 4
4 2 3 0 6 6 3 4 2 0 3 6 4
4 2 15 6 18 6 4 15 2 10 15 4 6
4 0 6 2 3 6 3 4 9 2 9 4 6
3 6 1 4 2 3 6 1 4 15 6 15 3
4 0 2 6 3 6 4 3 9 2 6 4 15
15 9 3 6 0 6 3 15 9 5 15 9 6
2 3 4 9 15 3 9 5 2 4 9 4 3
3 6 4 8 9 6 3 4 15 9 3 6 4
6 15 -1 -1 -1 6 15 -1 -1 -1 6 15 -1
4 6 3 15 17 6 3 4 15 9 4 3 6
2 4 3 9 5 5 3 4 2 6 3 5 4
0 4 5 2 3 6 0 3 4 9 6 4 5
3 5 9 1 6 5 3 6 1 9 6 5 1
3 0 5 4 2 3 5 0 1 4 1 5 3
4 2 0 6 3 6 2 4 15 3 6 3 4
8 6 17 14 2 6 17 12 15 14 8 9 12
4 2 3 0 6 6 3 4 2 15 3 6 4
3 6 15 9 4 6 3 16 4 15 9 6 3
2 3 5 6 15 5 3 6 2 15 6 5 15
2 3 4 0 6 6 3 2 9 4 6 4 15
3 4 6 5 2 3 6 4 5 15 3 6 4
3 2 6 0 4 6 3 2 0 15 3 6 4
4 3 2 12 6 6 4 3 12 2 15 4 6
2 3 4 0 6 6 3 4 2 15 3 6 4
2 4 5 15 6 5 2 15 9 4 15 6 5
2 0 4 6 9 6 0 2 9 4 9 6 4
6 3 4 9 0 6 3 4 15 16 15 4 3
3 0 9 6 2 6 3 15 9 2 15 9 6
3 5 6 15 -1 3 5 6 15 -1 6 5 3
4 2 3 6 15 6 3 4 2 15 6 4 3
3 6 2 4 16 3 6 4 16 15 9 6 4
5 3 2 6 1 5 3 2 6 4 3 5 6
3 6 15 9 23 3 6 15 23 9 6 3 23
0 6 5 9 3 5 0 6 9 3 15 6 0
6 3 13 4 5 13 6 5 3 4 5 4 6
3 4 2 6 15 6 3 4 15 12 15 6 4
21 2 3 7 6 6 3 7 21 2 6 3 1
2 6 3 4 0 6 3 2 4 15 3 6 4
3 6 15 1 2 6 3 15 9 1 6 3 15
5 16 6 9 3 5 6 9 3 16 16 18 9
4 2 3 0 6 6 4 3 0 15 6 4 3
2 3 0 4 5 5 3 2 4 15 3 5 4
4 3 15 6 2 6 3 4 15 16 6 4 3
3 5 6 9 15 3 5 15 9 6 5 3 6
2 4 3 6 17 6 3 9 4 2 9 6 4
4 9 2 3 5 5 3 9 6 4 3 6 9
0 2 17 5 15 5 17 15 0 2 17 5 2
3 4 0 5 15 3 5 4 15 6 6 4 5
3 6 -1 -1 -1 3 6 -1 -1 -1 3 6 -1
0 2 4 3 5 5 3 4 2 9 5 4 0
5 3 4 6 9 5 6 3 4 9 9 5 6
4 3 6 0 2 6 3 4 1 15 1 6 4
3 4 6 2 1 3 6 4 1 15 4 3 6
2 0 5 3 12 5 2 3 0 6 5 3 2
4 3 5 6 15 5 3 6 4 15 5 4 3
3 4 0 5 2 5 3 4 6 15 5 6 15
1 3 5 -1 -1 1 3 5 -1 -1 1 5 3
4 0 3 6 2 6 0 4 3 9 0 4 6
3 0 2 6 4 3 6 0 16 4 3 6 0
6 3 9 16 1 6 3 9 12 17 13 16 6
4 6 3 15 16 6 3 15 4 16 16 6 4
3 8 6 16 12 6 3 16 12 15 3 6 4
2 3 4 15 5 5 3 2 15 4 16 6 5
0 4 3 6 2 3 6 4 0 15 6 4 3
2 4 18 0 3 5 3 2 0 4 5 4 9
2 4 3 9 6 6 3 2 4 9 2 4 3
3 4 5 15 2 5 3 15 4 6 5 4 15
3 1 6 4 2 3 6 1 15 4 1 3 6
0 13 4 2 3 6 0 13 3 4 0 4 6
3 9 2 6 4 6 3 9 15 4 3 6 9
4 6 15 3 5 6 4 15 3 5 6 4 3
3 4 16 5 15 5 3 4 15 6 5 4 3
3 6 2 4 15 6 3 15 2 4 3 6 15
5 0 2 3 4 5 3 6 2 0 5 9 6
2 4 0 6 3 6 2 3 0 9 6 3 2
15 6 3 12 0 6 15 3 12 0 15 6 3
0 3 6 9 4 6 3 0 9 15 6 0 4
4 3 2 0 17 4 6 3 17 2 4 3 6
2 3 5 0 4 5 2 3 15 6 5 9 6
2 0 4 6 9 0 6 2 9 4 0 6 2
4 3 15 5 2 5 3 4 15 6 6 5 4
5 6 15 9 3 6 5 15 9 3 6 15 5
3 0 4 2 6 3 6 9 4 0 3 6 4
3 0 6 1 4 3 6 0 1 15 3 6 0
4 3 14 12 6 6 3 12 4 14 6 3 4
3 4 6 15 16 6 3 15 9 4 15 4 3
4 2 6 3 15 6 3 4 2 15 17 24 12
4 6 2 3 15 6 3 4 9 15 4 3 6
3 0 13 6 4 5 3 6 13 16 13 9 12
3 2 6 15 4 6 3 15 9 2 4 9 6
2 4 0 3 6 5 4 2 3 6 6 5 4
2 15 6 3 12 6 3 2 15 12 15 6 3
4 2 0 12 6 12 6 4 9 2 4 9 6
3 10 6 0 9 3 6 10 15 9 10 3 6
3 4 5 6 2 3 5 6 4 9 6 3 5
4 3 17 8 2 5 4 3 16 15 9 5 6
4 0 2 3 6 6 4 0 2 3 0 6 4
4 0 2 5 3 5 3 6 4 15 5 4 15
3 4 6 16 9 3 6 4 9 15 4 9 6
4 2 3 15 6 6 3 4 2 15 15 6 19
2 6 3 4 15 6 3 2 15 4 6 4 3
4 3 0 6 2 6 3 0 4 9 6 15 4
4 3 5 8 2 5 4 3 6 15 3 5 4
3 4 6 2 15 6 3 4 15 16 6 4 3
4 3 2 5 15 3 5 4 9 2 4 3 5
4 2 3 6 9 6 4 3 2 9 3 6 4
2 5 3 0 6 5 2 3 6 15 9 6 5
3 4 2 6 22 6 3 4 2 15 4 9 6
2 4 0 5 9 2 5 4 0 9 6 5 4
0 2 15 6 5 6 0 3 15 2 0 6 5
1 3 6 24 -1 1 3 6 24 -1 1 6 3
2 0 18 5 3 5 3 2 0 6 2 5 3
3 2 0 6 15 6 3 2 9 0 2 3 6
3 4 2 5 6 3 5 4 6 2 3 5 4
6 0 3 4 2 3 5 6 0 15 0 5 3
3 4 6 2 0 6 3 4 2 12 6 12 4
2 3 4 5 6 5 3 6 4 2 3 5 4
4 3 5 2 6 5 3 4 15 6 5 3 15
4 2 23 3 6 6 3 4 2 15 3 6 4
6 3 4 15 9 6 3 15 4 9 6 3 4
3 6 5 4 1 5 3 6 9 4 15 6 5
3 2 9 12 6 12 6 3 9 2 15 9 6
2 4 3 6 15 6 3 4 2 15 3 6 4
4 3 2 5 0 5 3 4 6 2 4 3 5
2 3 0 4 5 5 3 2 4 6 6 5 3
3 2 5 4 6 5 3 2 6 4 3 5 6
4 3 0 6 9 6 3 4 15 0 3 15 4
3 4 2 6 0 3 6 4 16 15 3 6 4
3 4 6 16 15 6 3 15 1 4 3 6 15
0 4 3 2 6 6 3 4 0 9 4 0 6
2 4 5 3 9 5 2 9 4 6 15 6 5
2 0 3 4 5 5 3 4 0 1 6 5 3
3 9 0 6 4 6 3 9 0 15 6 9 3
3 4 0 15 5 5 3 4 6 15 5 4 6
4 3 5 9 2 3 5 4 15 16 4 3 5
3 2 4 22 6 6 3 4 2 22 3 6 4
4 2 15 6 0 6 4 15 3 2 3 15 6
3 4 0 2 6 3 6 4 2 9 9 4 3
4 3 2 6 0 6 3 4 2 9 3 6 4
0 4 6 5 3 6 3 4 0 5 3 6 4
3 4 2 6 14 6 3 4 14 2 3 9 6
4 3 2 0 6 3 6 4 2 9 15 4 3
4 2 3 6 0 6 4 3 15 2 6 2 3
3 4 2 13 0 13 3 4 6 15 4 13 15
4 3 6 18 2 6 3 15 4 9 3 6 4
0 12 4 5 3 6 5 3 12 9 6 5 3
2 4 3 0 5 5 3 2 4 15 4 3 5
3 4 2 0 6 6 3 9 2 15 3 6 4
4 3 18 6 2 6 3 4 2 9 6 3 4
3 2 0 4 5 5 3 9 4 2 9 5 6
4 2 3 0 6 6 3 4 2 0 3 4 0
2 3 5 6 9 5 2 6 3 9 5 2 6
4 3 6 9 22 3 6 4 9 15 6 4 3
2 3 0 4 6 6 3 2 15 9 6 9 0
9 -1 -1 -1 -1 9 -1 -1 -1 -1 9 -1 -1
3 6 9 15 -1 3 6 9 15 -1 9 15 6
4 3 6 0 22 6 3 4 9 15 3 6 4
0 4 3 6 32 6 3 4 15 9 9 4 3
2 4 3 6 18 6 3 4 2 15 2 4 3
3 0 4 2 6 6 3 9 4 12 6 4 3
2 3 0 6 18 6 2 3 15 9 3 6 2
4 15 3 6 2 6 3 4 15 9 3 6 4
4 3 5 16 0 3 5 4 16 6 5 4 16
4 3 0 6 2 6 3 4 15 2 6 4 15
2 4 5 3 0 5 2 3 4 9 3 5 6
3 4 15 5 6 5 3 4 15 6 3 5 4
4 3 2 9 6 6 3 4 9 15 3 6 4
3 2 6 4 15 6 3 15 4 2 9 6 4
5 3 4 6 2 6 3 5 9 4 3 6 4
5 6 9 15 -1 5 6 9 15 -1 6 5 9
3 4 10 6 15 3 6 10 15 4 10 4 6
0 4 3 9 2 6 9 3 4 0 0 4 3
3 2 4 6 15 6 3 4 2 15 6 4 3
3 2 6 4 18 6 3 4 2 15 3 6 4
3 6 2 16 15 3 6 16 2 15 6 16 3
3 4 6 15 0 6 3 15 4 16 3 6 15
4 3 6 0 17 6 3 4 15 17 6 4 3
0 2 5 3 9 5 9 3 6 0 5 9 3
2 3 0 4 6 6 3 0 2 4 3 6 4
2 0 3 4 6 6 2 3 0 9 3 6 9
4 0 3 6 2 6 3 4 15 9 3 15 4
0 2 3 5 4 5 3 2 4 6 5 4 0
18 4 3 0 6 6 3 4 15 18 15 6 4
3 0 2 6 4 3 6 4 9 16 6 4 3
0 2 4 3 15 5 3 15 4 2 5 15 4
2 4 3 0 5 5 3 4 6 2 5 4 3
3 2 4 6 15 6 3 2 4 15 6 4 3
4 3 0 5 2 6 3 4 5 9 3 6 4
2 0 5 4 6 5 6 2 15 9 9 6 0
4 3 6 9 0 6 3 4 9 15 4 3 6
3 4 0 2 6 6 3 2 4 0 3 6 4
3 2 18 4 0 6 3 4 2 15 3 6 4
3 5 4 9 15 3 5 9 4 6 3 5 4
3 4 6 15 2 3 6 9 15 4 15 9 6
4 2 18 3 6 6 4 3 2 15 3 6 4
4 0 18 3 6 6 3 4 0 9 0 4 3
4 2 3 6 0 6 3 4 2 9 3 6 2
4 3 2 6 15 3 13 15 6 4 3 6 2
3 4 10 5 2 5 3 15 6 4 6 5 3
3 15 6 4 2 3 6 15 16 4 3 6 4
3 16 4 6 21 6 3 4 16 17 3 6 4
3 4 2 6 17 6 3 4 2 17 4 3 6
9 0 4 3 6 6 3 9 4 0 0 4 3
2 3 6 4 15 6 15 2 3 16 15 6 3
4 3 5 6 15 5 3 4 6 15 5 4 3
0 3 2 4 6 6 3 4 2 0 9 4 3
3 2 6 4 5 5 3 6 9 15 6 5 15
0 3 18 4 2 5 3 0 6 4 3 5 6
2 4 6 3 0 6 4 2 3 9 6 4 2
3 4 6 9 23 3 6 4 9 23 3 6 4
2 4 3 0 6 3 6 4 2 9 6 3 2
3 2 6 16 4 3 6 16 15 9 16 6 15
0 4 3 5 2 5 3 4 0 6 5 4 3
3 4 2 6 16 6 3 4 16 15 4 16 6
3 4 2 0 15 5 3 4 15 6 15 5 6
4 2 6 3 0 6 4 3 2 15 6 3 15
2 4 3 0 9 6 3 2 4 9 6 4 9
2 4 0 6 3 6 4 2 3 0 2 4 3
4 2 3 6 9 6 4 3 2 9 3 9 4
4 2 6 3 15 6 4 3 2 15 6 4 3
5 6 2 15 3 6 5 2 15 3 6 2 5
0 5 3 4 1 5 3 4 0 1 5 3 1
2 4 3 6 15 6 3 4 2 15 3 6 4
2 3 4 6 0 6 3 4 2 15 4 3 6
3 4 2 6 1 3 6 2 4 9 6 3 2
3 2 4 6 0 6 3 4 2 15 3 6 4
0 3 2 4 5 5 3 15 0 2 9 5 6
9 6 4 0 3 9 6 4 3 0 9 4 3
2 4 0 3 6 6 0 2 3 4 6 4 9
2 0 6 4 9 6 0 2 9 5 9 6 0
0 2 3 5 9 0 5 9 3 2 5 0 9
3 4 6 32 9 6 3 4 9 32 3 6 4
3 2 5 4 6 3 5 2 6 15 2 6 3
4 3 2 6 5 5 4 3 6 15 3 6 4
21 3 5 6 15 5 3 21 6 15 6 3 15
2 0 4 3 6 6 3 4 2 0 3 6 4
3 4 5 17 33 5 3 4 17 6 15 9 13
3 4 18 2 6 6 3 4 14 15 6 4 3
3 4 2 5 17 5 3 4 9 17 12 5 6
18 4 9 3 5 26 3 4 6 1 26 4 3
8 12 4 3 6 6 3 8 12 4 8 4 3
3 4 6 8 2 6 3 4 15 8 3 6 4
5 4 2 0 6 13 5 3 6 4 6 5 15
9 4 0 6 2 6 4 3 15 9 3 6 4
4 0 3 6 2 6 3 4 15 16 4 16 6
4 5 3 6 18 6 4 5 3 15 4 3 6
4 9 3 2 15 6 3 9 4 2 4 9 6
3 4 0 5 6 3 5 4 6 15 15 5 6
2 3 4 5 9 5 9 3 2 6 3 5 6
4 3 6 2 15 3 6 4 2 15 2 4 3
0 4 5 3 2 5 4 3 15 6 5 4 6
2 4 3 6 15 3 6 2 4 15 2 4 3
4 3 6 0 9 3 6 4 23 9 4 3 6
4 3 6 0 15 6 3 4 15 9 3 6 4
9 5 15 3 6 5 15 9 6 3 16 6 15
2 3 6 12 9 6 3 9 2 15 3 6 15
4 3 2 6 9 6 4 3 9 2 3 6 4
4 2 3 6 15 6 3 4 15 2 6 4 3
3 4 5 6 15 5 3 4 6 15 15 3 5
2 0 4 23 6 6 2 4 0 15 6 0 4
9 3 6 4 0 3 6 9 15 4 3 6 9
3 4 6 2 22 6 3 4 1 22 3 6 4
3 2 4 6 0 3 6 2 4 15 6 3 15
2 6 3 4 15 5 15 6 3 2 5 4 15
4 0 3 2 18 6 3 4 0 9 4 0 6
4 2 3 18 5 5 4 3 2 6 3 5 4
4 6 2 0 9 6 4 2 9 15 12 6 16
4 2 6 3 9 6 4 2 3 9 3 6 4
2 3 5 15 6 5 3 15 2 6 3 15 6
3 2 0 4 6 6 3 4 2 15 3 6 4
0 4 6 3 9 6 9 3 4 15 9 3 6
3 4 2 6 15 3 6 15 4 9 6 3 4
3 6 2 4 0 6 3 4 15 2 12 4 3
3 0 15 4 6 6 3 15 0 9 6 0 4
2 4 6 0 3 6 4 3 2 15 3 15 4
3 4 5 2 6 5 3 4 6 15 6 5 1
3 4 5 12 6 5 3 12 6 4 6 4 5
3 2 4 0 6 6 3 4 15 2 6 4 15
4 6 2 3 9 6 3 4 15 9 6 4 3
6 4 3 9 15 6 9 3 15 4 6 4 15
4 3 6 0 15 6 3 4 15 16 3 6 15
3 2 9 4 13 3 13 6 2 9 13 3 4
4 2 3 6 9 6 3 4 2 15 3 6 4
3 4 6 15 14 3 6 4 15 9 3 15 6
3 4 6 9 2 3 6 9 4 15 4 9 6
3 16 6 4 0 3 6 16 15 9 6 3 15
4 2 3 6 9 6 4 3 2 9 3 6 4
2 0 4 3 6 6 3 4 2 0 0 4 3
0 2 4 5 21 5 0 2 15 6 0 6 5
2 6 0 9 19 6 0 9 2 15 0 9 6
3 4 5 2 15 3 5 15 6 4 15 5 3
3 4 0 6 2 3 6 4 0 15 6 3 23
18 3 4 2 5 5 3 15 6 16 3 5 15
4 3 6 22 2 6 3 4 15 22 4 3 6
3 4 6 15 1 3 6 15 4 16 3 6 4
0 4 2 3 10 5 0 3 2 4 10 5 9
3 6 4 15 0 3 6 15 4 23 15 4 3
2 4 3 6 16 6 3 4 15 16 15 6 4
4 0 2 23 3 5 4 15 3 6 5 4 15
4 0 3 6 2 6 3 4 15 9 15 6 4
0 3 4 2 6 6 3 0 9 15 6 15 3
4 3 6 15 2 3 6 4 15 2 6 3 4
6 3 9 16 4 3 6 15 9 4 6 15 4
3 0 4 5 6 3 5 0 4 6 4 3 5
4 6 9 15 -1 4 6 9 15 -1 4 15 6
3 23 4 6 9 3 6 23 16 4 3 6 4
3 4 12 6 2 3 6 4 12 9 6 12 3
3 2 4 6 5 5 3 6 15 2 5 4 3
3 4 6 1 15 3 6 4 15 1 3 6 4
4 3 2 5 0 5 4 3 15 9 4 3 5
3 2 6 4 17 6 3 2 4 15 3 6 2
2 3 4 5 18 5 3 4 2 6 6 5 1
3 4 6 0 2 3 6 4 15 9 3 6 4
5 6 15 9 3 5 15 6 9 3 6 5 9
0 16 3 5 15 5 3 6 15 0 6 5 15
6 -1 -1 -1 -1 6 -1 -1 -1 -1 6 -1 -1
0 2 3 4 5 5 3 0 2 15 3 5 0
0 4 3 5 9 5 3 9 4 6 6 4 15
0 2 6 9 3 6 0 9 3 2 6 0 3
4 3 6 0 2 6 3 4 15 1 6 4 3
4 0 3 2 6 6 4 3 2 9 3 6 4
3 4 6 2 15 6 3 4 15 16 6 4 3
0 2 9 5 6 5 6 0 9 2 9 5 6
4 2 0 6 3 13 4 6 3 0 13 4 6
2 0 3 5 6 5 3 2 6 0 2 3 5
3 4 5 0 2 3 13 6 4 22 9 6 15
4 3 14 18 2 5 3 4 14 15 3 6 9
4 3 18 6 13 4 5 3 13 7 13 15 16
4 2 3 6 15 6 3 4 2 15 3 6 4
0 2 15 4 6 6 2 15 4 3 6 15 4
2 4 0 6 9 6 2 4 0 9 6 4 0
3 4 6 9 15 3 6 4 9 15 6 4 3
3 4 6 2 15 3 6 4 15 2 6 4 3
2 4 6 18 0 6 2 9 4 15 6 2 9
4 2 0 3 9 3 5 4 2 9 5 4 3
0 4 2 3 6 6 4 3 0 15 6 4 3
2 6 3 15 9 6 3 15 2 16 6 15 9
6 3 9 0 15 6 15 3 9 4 15 6 3
4 3 2 6 23 6 4 3 2 15 3 6 4
3 4 12 6 15 6 3 4 15 12 3 6 4
4 0 3 2 6 6 3 4 9 15 6 4 3
0 3 6 15 9 6 3 0 9 15 3 6 0
3 4 2 6 0 3 6 4 2 15 2 3 15
2 6 0 4 21 6 21 3 4 2 9 21 6
3 4 6 2 9 6 3 4 15 9 4 3 6
3 12 1 6 2 3 6 12 1 16 6 5 3
3 6 15 0 4 6 3 15 4 16 2 6 3
5 3 15 6 9 5 3 6 15 9 6 5 9
3 2 4 6 16 3 6 4 2 16 6 3 15
3 2 4 5 0 5 3 4 2 15 2 4 3
4 0 2 3 5 5 3 0 2 9 3 5 6
4 3 6 2 15 6 4 3 15 2 6 15 3
3 0 4 6 9 3 6 4 15 9 3 6 15
4 3 2 0 5 5 3 4 6 2 5 4 15
4 3 2 15 6 6 3 15 4 2 6 4 3
3 4 6 18 20 6 3 4 12 15 3 6 4
4 3 6 0 2 6 3 4 9 0 9 4 3
3 0 4 5 16 3 5 16 4 0 5 4 3
4 2 3 0 6 6 3 4 15 2 4 3 6
2 4 3 5 15 5 3 4 2 15 3 5 6
4 2 0 3 6 6 3 4 2 0 0 4 3
4 3 6 0 15 6 3 4 15 0 6 3 4
0 3 6 -1 -1 0 3 6 -1 -1 3 6 0
0 5 15 9 6 5 15 0 9 6 0 5 6
4 2 3 6 5 5 4 3 6 15 6 5 4
4 3 0 5 9 5 3 4 15 6 5 4 3
8 3 0 34 2 6 3 2 15 8 0 9 6
3 2 6 15 8 6 3 15 2 8 3 6 15
2 6 3 9 15 6 2 3 9 15 6 2 3
0 2 3 15 6 6 3 15 2 16 15 4 3
5 0 3 9 6 3 6 0 5 15 0 5 6
0 4 3 6 18 6 3 4 0 20 0 4 3
2 4 0 6 3 6 3 4 9 2 6 4 9
0 2 4 3 6 6 3 2 15 4 9 6 3
4 0 15 16 5 5 4 15 6 16 3 6 4
4 9 6 15 3 6 20 3 15 9 9 6 15
2 18 9 5 6 5 2 6 9 18 2 5 9
3 4 6 2 9 6 3 4 15 9 3 6 9
4 2 3 0 6 6 4 3 2 0 3 6 4
4 3 2 6 15 6 3 4 15 2 3 6 15
4 2 3 6 16 6 3 2 4 16 16 6 4
2 22 3 5 4 5 3 22 6 2 6 5 3
3 4 6 0 15 6 3 4 15 0 4 3 6
4 3 2 0 6 6 3 4 15 9 3 6 4
3 2 4 0 6 3 6 4 15 22 6 3 4
4 3 15 5 6 3 5 4 6 15 3 6 4
4 3 2 6 22 6 3 4 2 15 3 6 4
2 15 6 3 9 2 6 15 9 3 2 6 15
3 5 1 9 6 1 3 5 6 -1 6 5 1
2 4 3 6 5 5 3 4 2 6 3 5 4
2 5 3 0 6 5 3 15 6 2 9 5 6
4 2 6 3 15 6 3 4 15 2 3 6 4
4 3 5 2 15 5 3 4 15 6 5 4 3
4 2 6 3 15 6 4 3 15 2 6 4 3
4 3 2 5 9 5 4 3 9 6 3 5 4
3 4 6 15 16 6 3 16 15 4 3 6 15
2 0 4 6 3 6 2 3 4 0 15 6 0
4 0 2 3 5 5 3 4 6 22 9 5 6
4 2 3 13 5 5 13 3 4 2 5 13 6
0 3 4 6 15 6 3 4 15 0 16 6 0
4 0 3 2 6 6 3 4 17 9 4 3 6
3 4 15 5 6 5 3 15 6 4 5 6 15
3 0 4 12 6 6 12 3 0 4 3 6 12
2 3 6 4 10 6 3 2 15 10 2 6 3
2 4 3 6 15 6 3 2 4 15 3 6 2
4 3 6 2 9 6 3 4 9 15 6 4 1
4 2 3 6 17 3 6 4 2 9 3 6 4
3 2 4 5 15 5 3 6 2 15 8 6 16
4 0 2 6 3 6 9 4 3 2 6 4 0
3 6 0 2 4 6 13 3 0 15 0 6 4
4 8 6 12 3 6 4 8 3 12 6 4 8
4 3 6 15 9 3 6 4 23 15 23 3 4
4 9 16 2 6 6 16 4 9 2 16 6 5
3 4 15 5 6 5 15 3 6 9 3 5 9
2 5 -1 -1 -1 2 5 -1 -1 -1 2 5 -1
21 7 3 2 4 5 3 21 7 6 7 5 6
3 4 6 15 0 6 3 15 4 9 3 6 4
3 4 5 9 6 3 5 4 6 12 3 5 4
4 3 5 6 2 5 3 4 6 15 5 4 3
2 4 0 3 6 6 3 4 2 0 3 6 4
3 4 5 15 2 3 5 4 15 16 4 3 5
2 4 5 0 3 5 2 4 15 6 6 5 4
3 6 4 1 15 6 3 1 15 4 3 6 1
3 4 2 6 15 6 3 4 15 2 3 6 4
3 4 6 15 5 6 3 4 15 9 6 3 4
6 3 2 0 4 3 6 0 2 4 2 6 3
4 3 2 5 15 5 4 3 6 15 5 4 3
3 0 2 4 5 5 3 4 2 1 5 4 3
3 13 2 6 21 3 6 1 2 13 13 6 1
2 6 3 15 0 6 2 15 3 23 6 2 3
4 3 6 2 15 6 3 4 15 16 3 6 4
23 4 3 6 0 6 3 4 23 0 23 6 4
2 3 4 0 6 6 3 4 2 9 3 6 4
3 6 4 0 16 3 6 9 4 16 9 6 3
2 3 6 9 4 6 3 4 9 15 15 4 3
3 6 4 9 15 3 6 4 9 15 6 3 4
2 4 3 5 15 5 3 4 6 2 3 4 6
4 3 6 0 16 6 3 4 16 17 3 6 4
4 3 5 2 22 5 3 4 6 22 4 3 5
0 18 6 9 19 6 18 0 9 3 0 6 9
2 3 0 4 6 6 3 2 4 15 3 6 4
2 3 4 6 0 6 3 4 2 9 9 6 4
4 3 2 6 5 6 3 4 1 9 4 9 6
0 4 3 6 2 6 3 15 9 4 6 3 9
4 3 0 2 5 5 3 4 6 0 3 6 4
2 4 3 6 9 6 15 3 4 2 3 6 4
4 3 6 15 2 6 3 4 23 15 6 3 23
4 2 3 6 15 6 4 3 15 2 6 15 4
2 3 4 0 6 5 2 3 6 15 5 3 6
4 0 3 2 6 6 3 4 15 16 3 6 4
4 3 0 2 5 5 3 4 6 0 5 4 3
3 4 2 6 15 3 6 4 2 15 4 3 6
4 6 5 9 15 5 6 4 15 9 9 5 15
3 2 4 6 15 6 3 4 15 2 3 6 4
3 0 6 2 4 6 3 15 4 2 6 15 4
4 0 2 6 3 6 0 9 3 4 3 6 4
3 4 6 16 9 6 3 4 9 1 4 9 6
6 3 0 4 2 6 3 15 4 0 3 6 4
2 3 6 0 5 6 3 2 15 9 15 6 3
4 2 3 6 0 3 6 4 9 2 4 9 6
4 3 5 15 16 5 3 4 15 6 5 15 4
3 6 4 15 12 3 6 15 4 12 4 15 6
2 4 3 5 0 5 3 2 4 15 6 5 15
2 3 16 4 6 6 15 3 4 9 9 6 15
0 2 3 4 5 5 3 4 15 2 5 4 3
0 4 3 2 6 6 3 4 0 15 3 6 0
6 4 0 2 18 6 3 4 15 2 0 6 18
3 4 6 2 0 6 3 4 15 2 15 4 3
6 2 3 4 9 6 3 15 4 2 4 3 6
3 2 18 4 0 5 3 12 18 2 6 12 5
0 2 6 9 4 6 9 0 3 15 9 0 6
4 2 0 15 3 5 15 3 2 4 6 5 15
3 22 5 4 25 5 3 22 4 1 5 4 1
4 3 6 15 2 6 3 4 15 9 9 4 3
2 4 3 6 15 6 3 4 2 15 3 6 4
3 2 6 15 9 3 6 2 15 9 2 3 6
6 3 2 0 4 6 3 2 4 0 0 6 4
3 4 5 18 6 5 3 4 6 15 5 4 3
4 2 0 3 6 6 4 3 2 0 6 4 3
3 15 5 9 6 3 5 15 9 6 5 3 15
23 0 3 2 6 6 3 15 9 2 6 15 3
4 3 6 2 15 6 3 4 15 2 3 6 4
3 2 5 0 15 5 3 2 15 6 5 3 15
2 4 0 18 6 6 2 3 9 4 6 3 2
0 4 2 3 6 6 3 0 15 2 0 4 3
4 6 15 2 31 6 4 15 9 31 6 4 15
2 0 6 15 25 6 2 15 0 9 6 0 15
2 4 3 0 5 5 3 4 2 6 3 5 4
3 4 6 1 14 3 6 14 1 15 1 15 6
3 2 6 15 9 3 6 2 15 23 2 6 3
3 2 0 6 4 6 3 15 4 0 3 6 4
3 0 2 18 6 3 6 2 0 18 12 6 3
2 4 3 0 6 6 13 3 2 4 6 3 2
4 3 8 6 12 6 3 4 16 12 3 6 12
3 4 2 6 9 3 6 4 2 15 6 4 3
3 4 5 15 -1 3 4 5 15 -1 4 15 5
4 3 16 5 2 5 4 16 3 6 9 0 16
5 6 3 9 0 5 6 3 9 0 0 6 24
2 3 0 5 9 5 3 2 9 0 2 3 5
4 3 6 2 15 3 6 4 15 2 3 6 4
3 2 6 4 15 6 3 15 2 9 2 6 3
2 3 4 6 9 3 6 2 15 4 3 6 15
4 3 6 16 15 3 6 4 16 15 3 6 4
3 4 5 16 15 5 3 4 16 15 5 4 3
3 4 22 6 0 3 6 22 15 19 4 9 6
3 2 5 4 15 5 3 2 4 6 3 5 4
6 3 9 4 15 6 15 3 4 9 6 9 4
3 13 6 9 15 3 6 13 15 9 3 6 13
3 2 0 4 6 6 3 2 4 15 2 4 3
0 4 2 6 3 6 0 3 2 15 0 6 3
4 2 3 5 15 5 3 4 2 15 6 4 3
2 4 18 3 6 6 4 3 2 15 3 6 4
2 4 0 6 9 6 3 4 15 2 15 4 3
3 0 4 6 2 6 3 4 0 9 6 4 3
3 4 5 9 6 3 5 15 6 9 5 3 6
3 4 15 8 6 6 3 15 4 9 3 6 4
3 15 6 9 2 3 6 15 16 9 3 6 16
2 3 6 0 4 6 3 2 0 9 3 6 2
4 0 2 6 9 6 4 0 2 9 6 4 2
4 3 8 5 15 5 3 4 15 6 6 5 4
3 15 4 6 0 6 3 15 9 4 15 3 6
2 4 15 0 3 5 2 3 9 15 3 6 5
4 3 5 15 6 5 4 3 6 15 3 4 5
6 3 4 2 1 6 3 4 15 2 6 4 3
2 3 4 6 -1 2 3 4 6 -1 2 4 6
0 2 4 6 15 6 0 4 15 2 6 0 4
4 3 2 6 1 3 6 4 2 1 6 15 4
3 2 4 5 23 6 3 2 4 15 3 6 4
3 2 0 6 17 6 3 2 15 0 3 6 2
2 0 4 3 5 5 3 0 4 6 5 3 0
4 2 3 0 16 6 3 4 2 0 3 6 4
4 3 2 6 9 6 3 4 2 15 3 6 4
3 5 9 15 1 5 3 15 9 6 14 6 9
4 3 2 6 0 6 3 4 2 15 3 6 4
4 3 6 15 9 3 6 4 15 9 15 4 3
3 4 6 1 2 6 3 4 1 15 6 15 4
3 2 4 5 10 5 3 4 6 9 3 5 4
3 0 2 5 18 5 3 4 15 6 9 6 18
3 2 6 15 9 6 3 15 2 9 6 3 15
2 9 3 4 6 6 2 3 9 15 18 6 15
3 4 0 6 17 6 3 4 15 0 3 15 4
2 3 23 0 6 6 3 2 9 15 6 10 15
3 4 5 1 9 5 3 4 1 9 6 4 5
4 3 6 0 2 6 3 4 9 15 3 4 6
4 9 2 16 17 6 16 3 4 9 3 6 4
4 3 6 2 15 6 3 4 15 2 3 6 4
2 4 3 5 6 5 2 3 15 6 2 5 3
4 2 3 6 0 6 3 4 15 2 3 6 4
4 2 3 5 0 5 3 4 2 6 4 3 5
4 2 3 5 6 5 4 3 2 6 6 3 5
4 3 6 16 0 3 6 4 15 16 3 6 4
3 2 4 6 15 6 3 4 15 2 2 4 3
0 4 2 5 3 5 4 3 9 0 6 5 3
4 2 3 27 6 6 3 4 15 2 3 6 4
3 4 2 6 15 6 3 4 15 2 2 4 3
4 0 5 2 3 5 4 0 6 3 9 6 0
4 3 8 2 23 4 3 6 13 2 4 9 6
9 5 3 6 4 6 3 5 4 9 3 5 6
4 3 2 15 6 6 4 3 15 9 15 4 3
2 9 3 6 16 6 3 2 16 0 3 16 6
2 6 3 0 15 6 15 3 2 9 3 6 15
3 2 4 6 16 6 3 4 16 2 3 6 16
3 4 6 5 17 5 3 6 4 15 3 6 5
4 2 5 0 3 5 3 4 2 6 6 4 5
2 3 4 6 9 6 3 2 9 4 3 9 6
2 8 4 0 3 6 3 4 2 8 6 3 4
3 4 15 9 6 6 3 4 9 15 6 4 15
4 3 5 15 9 5 3 4 15 9 3 5 15
4 2 0 3 6 6 4 3 2 0 2 4 3
3 2 6 14 0 6 3 16 9 15 9 16 15
2 3 6 9 18 6 3 2 9 15 14 9 3
4 3 6 2 17 6 3 4 17 2 4 3 6
0 5 6 4 9 5 6 15 4 0 0 6 5
3 4 6 9 2 3 6 9 4 12 3 6 4
3 0 6 4 2 6 3 15 9 4 3 6 4
3 6 12 2 8 6 3 16 12 15 3 6 15
2 4 0 3 5 5 3 6 4 15 6 5 15
0 9 2 4 6 6 2 0 9 3 0 6 9
2 18 0 3 6 6 2 3 18 0 3 18 6
0 3 2 4 6 6 3 4 15 2 4 3 6
2 0 4 18 3 5 6 3 15 4 0 5 6
4 0 3 6 2 6 4 3 0 15 4 3 6
5 9 6 3 15 5 6 15 3 9 12 6 9
2 0 3 4 6 6 3 2 0 4 4 0 6
0 6 9 3 25 0 6 9 3 15 9 6 15
4 3 0 5 2 5 3 4 6 16 5 4 3
2 0 18 3 6 6 3 2 0 18 3 6 18
2 3 0 4 5 5 3 2 4 6 3 4 6
0 4 2 3 6 6 3 0 4 2 9 4 0
2 4 3 12 15 5 15 12 3 6 9 6 4
0 4 2 3 6 6 4 3 0 15 4 3 0
0 3 2 4 6 6 3 2 0 4 9 4 0
2 0 6 3 18 6 2 0 3 18 6 3 2
3 4 2 6 9 6 3 4 2 9 9 4 3
2 3 6 4 15 6 3 2 15 9 9 4 15
3 6 9 -1 -1 3 6 9 -1 -1 3 6 9
0 3 4 18 6 6 3 0 9 4 6 4 3
2 0 4 5 6 5 3 2 4 6 3 5 4
6 3 0 4 2 3 6 15 0 4 3 6 4
0 2 3 4 6 3 6 2 0 4 2 6 3
4 3 6 2 9 6 4 3 2 15 9 4 3
4 3 5 15 6 5 3 4 15 6 3 6 4
4 2 3 6 0 6 4 3 2 9 6 4 3
4 3 2 6 0 6 3 4 15 2 2 6 3
3 6 4 8 16 3 6 4 16 8 3 6 4
2 0 3 4 6 6 3 2 16 0 3 6 2
3 2 5 4 6 3 5 6 4 2 6 3 5
2 4 17 3 15 5 3 17 6 4 9 5 3
3 6 4 15 2 6 3 15 9 0 9 4 3
15 3 4 6 19 6 15 3 9 4 9 19 6
4 3 0 2 6 3 6 4 0 9 4 3 6
4 3 2 6 15 3 6 4 2 15 6 4 3
4 2 3 5 18 5 3 4 6 15 3 5 6
4 3 2 6 15 6 3 15 4 9 9 4 6
4 0 3 2 6 5 3 4 9 6 9 5 6
3 4 6 0 2 6 3 4 15 2 9 4 6
0 2 3 5 6 0 5 9 3 6 0 5 9
2 0 6 3 9 6 2 0 9 15 6 2 9
2 3 15 4 6 6 15 3 2 9 3 15 6
4 2 0 3 6 6 3 4 2 0 9 6 4
