1,5,82,164
4,8,85,170,499
92,164,489
5,7,42,82,84,164,318
82,89,91
4,36,68,92,217
19,92
39,96,105,131,217
82,87,126
36,37,90,127,490,499
5,9,68,89,92,217
3,68
499
1,35,89,90,92,126,165,170,271,492
68,82
85
68,82,89,90,164
1,271
36,45,100,159,490,499
1,4,82,90,92,164,242
1,4,5,35,45,68,72,89,90,92,98,126,170,217
4,35,36,42,45,68,82,92,126,139
89,90,157,217
9,271
4,37,89,90,217
1,35,40,45,84,89,91,217
4,42,46,89,92,489
84,89,489
1,3,35,217
35,44,45,68,72,92,128,217
7,35,39,49,51,89,90,217
1,36,42,85,170,255,489
4,5,36,68,82,85,92,212
4,8,42,45,131,164,217
68,89,92,369,499
40,82,89,90
4,53,68,92,170,217
7,19,68,82,85,92
36,489
4,36,45,217
10,36,68,82,89,90,92,139
1,7,18,35,42,82,84,85,89,90,126,127
217,238
1,4,8,36,42,72,92,217
4,40,68,82,85,92,366
4,68,82,127
4,36,489
4,9,82,188
42,53,68,92,170,313,499
82,91,242
4,127,271,301,449
45,82,85
1,45,82,84,392
36,42,68,73,90,92,159,217
45,82,127
4
127,271
4,40,46,82,92
82,87,90,127,307
82
127
82,90
5,82,84,89,90,91
4,217
82,89,238
90,170,217,361
1,68,72,89,90,92,217
255
6,7,36,68,72,84,85,87,92,499
4,9,82,128,213
5,35,36,45,53,68,82,85,89,90,126
1,90,170,217,255
89,217
35,39,68,82,92
4,489
4,36,44,46,63,126,217,235
1,9,84,91,96,449,489
9
7
1,45,82,89,90
42,73,85,126,243,269,489
4,9,217,449
40,68,73,89,92,499
40,89,164,489
1,4,5,82,84,89
5,35,42,53,82
36,85,92,271
4,5,82
1,7,82,92,159,171,221
1,4,36,87,92,126,271
35,40,42,44,60,89,126,217,242,475
22,37,68,92,126,217,369,376
1,4,82
5
40,489
132,499
1,36,87,91,92,489
4,68,82,89,92,157,169
4,499
36,82
4,9,36,92,271
82
4,68,82,92
9
5,45,82
5,35,39,42,45,170,217,313,405
89,237,271
4,27,42,45,50,68,82,84,89,91,92,164
4,5,82,89,368
42,82,85,90,171
1,255,271
4,72,82,84,85
5,42,217
93
4,36,85,217
5,42,489
4,68,92,126,217
4,7,36,72,89,92,126,489
4,82,84
4,5,82,89,389
5,42,217
42,271
1,5,89,90,307,489
4,5,489
1,4,36,82,126
4,39,91,126,489
215
4,35,39,40,68,82
1,4,10,36,49,82,89,90,92
4,5,139,217,478
1,90,255,489
35,39,82,89,368
1,49,82
82,89,90
42,90,271,421,492
4,35,82,84,89
63,83,217
4,45
82
42,205,271
1,4,40,68,82,92
35,40,165,271
68,82,85,92,93
4,10,43,68,82,84,92
5,68,217
1,8,53,68,92,217
4,7,36,92,271
4,10,15,82,85,92,159,215
92
4,89,164,217
68,82,92
4,35,89,242,271
49
8,170,187,226,489
7,42,82,127,136,250
4,42,217
4,5,72,92,139,217,368
4,89,90,96,164,217
4,217
5,40,89,271
5,90,489
1,35,42,82,85,89,90,127,146
4,68,82,89,90,92
164,489
1,4,35,42,82,89,90,92,158
1,4,45,68,90,92,96,164,217
53,170,489
1,5,82,240
4,40,82,89,90
4,10,45,72,92,118,157,167,189,217
1,36,84,89,90,96,157,205,217
40
36
4,35,68,72,89,92,217
49,217
89,217
4,35,68,82,85
1,84,90,217
42,68,85,92,107,217
7,10,68,92,217
1,4,5,42,139,217
36
82,89,92,159
36,126,217
5,42,96,164,271,449
49
1,82,84
1,4,35,39,82
217
1,9,45,82,127,237
1,4,271
4,89,111,217
306
4,9,36,82,366
5,46,82,87,89,92
1,5
40,89,217
22
4,89,92
217
4
4,13,36,45,389,490,499
4,92,184,217
4,217
1,4,36,68,72,82,92,164
4,7,36,68,82,89
92,499
85,271
1,4,45,60,119,499
1,4,36,44,92,217,248
4,5,127,271,389
5,68,92,217
40,53,217
82,90,91,127
1,4,10,36,42,72,84,89,92,205,271
7,8,10,36,46,92,132,159,164,271
1,4,5,37,42,68,82,92,126
4,42,139,217
1,4,5,8,39,82,95
1,61,84,217
1,4,36,45,82,89,92,170,400
5,82,268,478
217
1,36,42,82,127,326
5,18,68,72,90,92,128,188,217
42,82,89,161,164,205
5,39,45,89,90,217,239
4,82
1,4,42,68,91,193,217
4,5,82,85
5,7,82,405
9,45
1,40,73,82,87,89
82
1,8,42,44,49,68,72,89,90,92,132,217,237
5,8,37,68,82,92,369
5,42,82
35,271
5,40,44,45,82
45,82,89,90,92,164,205
4,40,90,164,328,489
82,92,489
5,8,84
4,8,35,39,40,42,82,328
499
5,164,174,305,449,489
82,126
1,2,5,8,42,45,46,53,84,87,91,217
1,7,89,92,126,489
4,35,39,92,271
156,489
5,35,82,126,127
85,92,271
4,89,170,499
68
89,164,271
45,82
5,36,42,82,84,85,127
4,35,45,82,92
4,40,89,90,271
36,68,72,85,92,217
1,4,53,82,84,91
4,82,127,255,414
1,5,35,42,84,89,90,91,164,205,271
5,40,45,68,87,396,490,499
4,35,39,40,42,82,92
4,35,45,53,68,89,90,92,199,217,369
4,44,164,217
4,40,82
42,49,82,90,126
1,9,17,43,85,271,296,354
9,82,90,150
5,45,82,84,405
8,35,42,82,84,85,126,134,449
5,53,82
1,5,35,36,45,46,92,171,217
82
42,82,85,90,127
1,5,90,127,217,276
1,35,39,44,89,165,242,489
35,87,89,90,126,131,164,170,489
82
40
42,89,90,107,164,271
1,4,263,359,489
4,82
3,4,40,217,237
21,40,205,217,370,465
1,36,92
5,49
127,217
5
5,42,85,271
5,40,217
4,68,90,127,217
1,36,82,85
7,45,68,72,92,217
1,10,36,42,68,85,92,93,190,217,405
89,90
4,36,42,84,92,489
1,3,199,217
46,68,90,217,242
84,85,217,358
42,84,90,171,307,489
1,35,126,217
4,5,36,82,89,187
35,217
1,84
1,4,35,42,45,271
217
4,45,170,499
35,45,82,91,126,255
90,217
1,35,85,128,210,217
68,237
4,68,82,92,134,184
4,35,39,82,89,389
151
5,90,127,489
44,164,217
14,36,89,90,92,217
5,8,35,36,37,39,42,72,84,87,92,126,231,271,389
82,89
1,4,85,92,489
4,271
5,40,87,173,489
1,35,72,89,92,126,174,271,399
4,35,45,82
4,36,68,92,217,256
36,68,92,217
4,7,126
4,217
42,164,238,268,271
5,42,68,82,92,396
1,8,44,92,271
82,92
1,82
4,5,40,45,82,84,157,164,205,213
170
4,91
5,8,89,90,305,499
82,89,90
4,82,84,127,212
4,5,46,82,92,296,482
4,5,82
5,8,82,84,92
5,8,187,271,352
1,37,42,84,90,128,149,171,489
1,4,82,127,449
335,499
35,42,91,92,126,171,489
9
44,45,89
127
10,36,68,72,73,82,92,93
40,45,82,96
8,40,136,217
4,100,255,457,499
4,36,68,82,92
68
271
170
35,82,89
4,10,40,45,92,217
1,499
91,131,217
40
45,217
5,82
4,5,40,82,89,90,164,391
8,40,45,68,217
40,53,82
85,126,132,217
4,126
9,49
68
389
4,5,10,45,68,72,82,89,90,91,92
36,217
4,40,42,72,84,89,217
45,89,217
7,44,82,237
42,89,90,157,164,322
4,5,40,271
68,92,499
1,7,15,33,35,133,156,157,217
1,35,68,72,82,89,90,92,164,205,485
87,126,217
1,4,36,45,87,92,217
40,82
4,82,164
10,92,217
7,44,92,271
4,82
5,89,499
1,5,8,42,271
53,68,82,92,170
4,5,35,39,40,164,489
1,3,13,35,39,42,45,82,89,90,165,281,293
5,37,89,90,217
1,35,36,46,65,82,87,91,92
54,489
53,68,82,89,92
82,89,92
4,45,49,82,132
72,92,489
85,89,90,92,126,489
4,36,72,82,92,405
44,82,97,164
100,215,217
217
3,5,53,82,232
89
8,11,45,217
4,5,35,45,46,68,89,90,92,164,205,217,242
7
1,4,89,127,164,271
5,8,36,40,45,82,84,89,91,128,166,172,184
5,40,82,84,396
4,35,36,39,45,126,164,213,217
489
271
4,32,35,44,82
217
4,82
37,84,142,271
87,89,90,127,217
35,271
4,271
68,205,217
35,42,489
4,9,82,89
1,4,36,84,92,489
1,5,36,42,49,82,89,90,92,386,396
4,82,85,164
171
82,89,90
1,35,44,82,126,132
4,5,42,45,82,164,205
82,92
4,8,164,271,449
72,92,271,469
82,85,89
4,82,92
5,36,68,82,92
45,82,92
1,4,7,8,35,39,45,72,92,126,217
9,89,90,127,217
40,82,89,90,238
1,10,72,92,162,271
82
126,217
4,10,36,42,82,92
40,84,91,271
72,92,217
35,68,82,87,126
4,5,45,82,213,336
40,90,103,205,271
10,36,68,82,89,92,126,205
5,68,82,369
127,271
4,5,217
5,40,42,44,217,475
4,7,9,36,68,84,92,93,217
35,53,100,126,217
72,90,92,271
4,5,42,84,217
1,4,8,37,42,68,72,84,92,499
1,4,36,40,85,87,89,90,92,126,164,489
35,68,92,205,217
92,489
1,37,82,89,92,170,187,205
91
4,89,90,205,217
1,4,42,85,89,92,107,166,271
85,90,271
4,205,217
1,292,489
19,499
45,68,89,92,217
1,8,42,74,87,89,90,127,325,489
4,5,8,37,89,127,217,273
40,271
217,369
22,35,39,82
82
35,36,40,45,82,89,92,126,132
9,36,42,92,126,205,245,271
10,87,90,92,157,184,217,335
5,42,82,165
4,82
35,39,217
36,92,217
1,8,82,84,85,132,157,164,234
35,82,89,90,335
82,85,89,90,127,255
68
68,82,85,92,126,132,235
4,40,63,82,84,90,96
45,68,72,92,217
4,89,90,271
3,100,490,499
4,72,84,89,91,217
5,89,164,187,217,305,307
1,35,42,84,87,89,105,126,200,217
68,82,90,92
40
4,22,40,44,90,217
30,68,72,92,100,217
1,4,36,83,92,160,271
1,4,5,53,68,82,87,89,90,92,126
1,4,44,100,126,217,236
68,92,217
4,36,84,85,92,126,489
1,4,10,45,68,72,82,89,92,93,164,184
82,127
1,4,5,35,36,39,40,42,44,92,205,328,499
5,499
4,36,82,92,159
82,90
82,85,90,91
4,68,92,217
5,82,93,165
1,10,36,42,82
1,36,45,53,84,89,90,139,192
4,217
4,92,271
4,36,85,89,92,93,159,189,271
45,271
1,68,92,217
4,40,45,82,84,87,89,91,126
4,9,68,84,92,128,133,194,217
19,36,40,217
4,5,46,82
4,36,42,51,57,317,325,347,489
4,40,93,489
4,35,126,217
89
4,89,217
4,68,85,92,217
271
217
499
217
4,7,35,36,40,68,82,92,169
92,489
40
89,90,217
36,92,93,96,132,217,359
5,92,217
4,8,89,90,92,217
90,170
271
92,217
46,82
1,8,271
10,92,217
4,217
5,7,127
5,82,87,164
5,40,82,161
82,92
1,42,53,82,186,362
68,92,499
489
36,89,127,217,255
5
4,5,40,45,82,321
42,89,90,162,217,255
89,90,134,289,465,489
1,8,36,68,84,91,92,157,217
37,42,53,68,82,92
90
4,489
4,36,92,489
40,82,89,90,164,205
271
8,45,82,286
91,170
36,67,68,72,92,217
4,89,173,217,391
1,82,111,149
35,81,217
1,4,45,82,235
40,82,89,90
4,82,89,100,110,164,166
1,4,35,39,92,271
1,8,39,45,84,85,90,128,217
82
82,90,127
4,35,126,217
8,89,271,288
5,35,39,82
1,4,45,72,92,110,217,368
4,35,42,45,82,126
5,82,205
4,68,96,199,217,399
4,8,45,84,89,133,217,257,292
1,35,36,89,90,126,217
1,10,36,82,92,128,171
1,82,255
72,89,92
1,19,44,68,90,217,482
4,5,217
4,5,35,36,39,82,89,92,170
68
68,73
36,68,89,92,499
1,4,40,89,217
1,4,8,40,45,68,82
4,5,42,92,217,368
1,82,91,330,449,462
9,42,217
4,7,36,84,92,355,359,489
1,4,8,37,82,89,127,305
4,5,10,40,68,82,89,92,164
4,45,68,89,205,217
1,53,85,89,90,217,306
46,89,90,92,110,187,489
1,36,72,82,92,93
217
82,296,368
1,35,68,217
35,36,39,42,82,89,90,164,170,205
4,8,82,127,164
1,6,89,90,217,307,431
40,82,84
82,100,126
42,68,82,92
82
4,217
5,45
7,36,45,89,90,217,253
4,45,91,217
4,35,36,217,237
35,39,68,82,89,90
4,35,91
89,90,217,391
5,9,40,271
1,4,36,82,85,92,96,128,213
4,89,489
4,36,89,90,92,148,368,489
5,82
5,82,84,92,289
1,4,35,45,82,85,96,134,255,451
4,46,126,164,489
1,4,8,10,68,82,89,92,164
4,35,36,46,68,92,93,217
4,7,35,92,271
5,35,126,489
4,36,44,45,91,113,217
4,8,35,36,53,89,217
82,92
4,45,89,90,217
1,4,11,36,91,217
5,8,68,82,92
4,10,36,92,217
4,5,89,91,113,164,271,290
35,68,82,92
4,5,36,489
45,127,170,217
82
4
53,89,90,489
1,5,36,72,89,92,271
4,35,72,89,126,271
164
1,4,82,238
35,82,85,90,127,150,170,293
82,89
5,40,45,53,170,217
5,40,205,289,489
4,68,82,92
1,7,10,89,92,132,489
44,85,90,127,164,171,217,255,291
4,84,92
40,217
4,36,72,92,96,164,489
7,36,489
42,82,91,92
40,90,217
42,85,92,489
45,49,82,126
4,8,35,39,93,127,136,164,217
5,45,53,217
1,4,131,271
36,159,217
1,7,35,39,85,170,499
7,82,89,90,305,307
4,45,82,127,164,250,291,451
82
35,37,217,320
40
68
4,82,164
1,36,89,157,217
82,89
1,4,5,8,40,42,84,92,131,157,238,271,296
82,134,139,170
4,5,8,35,37,40,45,68,82,89,92,136,358
4,8,82
10,68,72,92,217
5,22
45,90,127,217
92,499
1,5,8,35,39,40,42,82,89,92
4,8,90,164,207,367,489
1,36,45,84,96,111,217
1,4,22,40,45,68,72,92,175,217,391
68,89,90,92,96,217
5,82,89,90
40,45,68,82,92,391,405
217
4,68,87,92,126,164,217
1,68,217
9
4,5,25,82,164,205
1,4,35,40,42,44,68,72,92,215,217
40,217
4,35,127,136,164,217
4,5,8,36,40,217
36,89,91,92,126
1,82,157
37,53,82,90
4,45,89,90,92,217
1,35,42,85,212,217
44,45,82
4,5,37,44,68,82,85,92,100
9,82
5,35,36,82,89,90
5,82
35,42,82,87,90,164
271
4,5,82
4,164,217
4,82,157,187,213
1,35,84,90,91,133,217
35,39,40,68,89,92,217
10,36,92,322
1,4,5,40,53,68,82,85,89,90,92,170,313,396
1,4,271,449
4,72,489
89,90,489
82,107
89,217
4,45,82
1,4,84,96,164,184,271,272
7,35,42,45,85,89,90,126,170,217
161,217
5,306,499
1,4,46,82,205,325
9,36,82,85
1,82,84,85,91,92,128,170
4,7,68,92,164,217
1,68,92,217
82,85,90,255,286
85,89,489
217
1,89,499
4,82,126
1,4,36,105,217
22
73,82
4,36,49,68,85,89,92,217
4,68,187,217
45,82,85
5,89,90,489
5,49,217
6,89,90,217
5,68,92,499
82,89,90
4,36,40,53,89,92,97,489
126,489
35,82,128
45,82,90,134
10,92,217
45,78,127,131,157,166,217,307,414
4,84,489
36,92,217
71,90,217
85,217
9
35,40,82,89,90
5
35,39,82,89,90,127,170
217
217
1,84,217
45,217
92,271
1,84,89,157,305,490,499
4,45,89,217
45,89,90,499
35,42,489
1,5,8,36,84,85,132,164,250,489
4,10,36,82,89,90,92
1,36,82,89,96
84,489
35,39,82
1,84,217
45,127,205,217,268
1,4,36,271
90
9,205,217
1,35,37,40,82,84,405
68,105
10,45,82,89,90,92
4,82
87,89,90,217
85,92,489
5,40,92,271,392,440
9,92,132,217
4,82,89
36,40,45,85,256,489
4,92,489
4,36,92,217
45,62,217
89,90,92,113,164,217,307
5,82
9,35,39,40,42,45,164,217,335
5
1,4,10,72,92,129,489
4,82,89
68,89,132,217
1,35,36,499
85,89,90,127,489
4,89,217
1,7,8,17,35,36,53,89,126,215,217
5,44,90,97,164,217
1,4,82,127,136
9,271
1,35,42,53,68,82,85,90,92,170
4,36,42,45,85,92,126,217
39,132,139,164,271
85,217
36,72,92,126,132,217
1,35,68,72,92,126,133,217
4,49,72,82,92,96,126,127,170,184
4,45,89,90,92,93,217
1,8,87,96,188,271
96,100,130,215,217,237,415
82,89,127
82
1,499
89,489
4,35,36,42,72,91,127,164,449,490,499
4,82,87,126,164
90
1,4,10,35,40,42,45,68,82,84,92,128,133,164,170,205
5,36,53,82,89,90
4,68,72,89,90,92,217
85,489
45,82,89,90
36,68,92,217
1,5,8,45,82,127,158,164,467
4,45,82
15,89,96,159
4,36,82,89
45,89,164,217,307
4,92,100
10,36,84,92,212,271
4,36,68,89,92,217
42,217
5,35,39,40,42,82
489
1,4,9,36,44,82,109
1,49
9,82,126
1,8,44,89,164,211,217
4,72,92,489
4,82,389
4,5,45,82
1,8,42,91,271,389
5,217
4,40,42,72,85,89,95,164,271
36,44,82,87,89,90,92,126
40,217
1,4,10,42,68,82,92
90,217
5,82,84,331
3,4,68,84,89,90,92,217
4,5,22,68,217
4,36,42,72,232,489
45,65,89,90,94,132,217
10,42,46,68,92,217,221
42,89,90,134,164,170,217
42,82,389
4,10,92,217,493
1,132,217
68
89
92
5,8,42,85,90,217
3,9
1,4,84,130,164,240,489
5,42,89,161,215,217,405
10,44,68,89,90,217
4,10,271
1,42,44,92,96,217
1,489
3,82
4,92,113,489
9,78,90,217
40,53,90,489
4,36,72,84,92,93,271
68,215,217
68
4,82,105,165
9,40,82,89,90,242
4,8,35,87,126,217
49
1,82,84,200,215
36,85,105,128,134,159,217
7,49,68,72,92,96,100,126,132,217
4,35,91,184,499
5,90,213,489
36,90,217
82
4,5,82,84
45,85,90,217
92,489
36,92,187,205,489
4,82,87,164
4,82,85
10,45,68,84,90,217
45,85,126,217
1,4,175,176,217
92
42,89,90,271
4,85,89,92,93,107,171,237,489
36,68,72,92,217
1,217,477
1,5,82
1,5,45,92,217
92,217
36,68,72,92,499
5,217
53
92,171,489
4,36,89,90,271
4,127,217
217
4,217
7,128,161,217
4,5,35,44,45,89,164,217,392
40,42,92,238,489
89,92
4,40,42,217
489
5,82,91
5,45,82,92
1,35,85,89,127,170,217
1,4,45,82,85,127,255
7,36,217
89,90,238,489
35,73,82,92,126
10,40,68,92,391,499
4,5,8,35,40,89,92,158,205,271
92,489
4,82,92
35,64,72,82,92
36,68,72,92,217,347
5,31,84,91,271
85,90,217
4,46,85,217,368
4,36,199
5,45
4,5,89,90,489
4,35,36,39,40,44,68,82,90,97,126,128,162
91
5,42,45,499
1,4,5,68,82,91,92,274
85,217
205,489
4,7,36,68,82,84,85,92,164
171
82
1,5,40,44,84,90,439,499
4,89,90,111,126,217
4,36,68,92,217
9
5,9,42,45,82,84
5,217
5,82,474
68,72,92,164,205,217
36,68,92,217
1,68,82,92
4,217
40,82,238
1,5,8,42,89,271,296
5,8,82,89,90
1,4,82,131,164
4,5,36,45,82,128
8,37,60,82,89,90,170
4,35,36,39,68,217
1,5,49,82,87
42,85,271
46,271,391
45,82,84,196
68,92,217,371
