5,8,45,82,92,369
4
4,8,36,68,84,85,92,96,114,157,161,217
1,68,84,217
5,42,217
271,368
5,85,217,405
45,85,90,126,127,217
1,8,35,45,133,136,257,269,499
4,36,68,72,92,217
42,45,68,89,92,217,232
89,90,127,164,271,417
1,35,37,39,45,72,82,89,90,126,127,136
4,10,36,82,92,126,164
68,92,217,235
36,85,217
1,5,8,40,45,89,217,238,402,480
4,36,40,42,238,499
82
1,4,45,72,82,85,90,92,164
40,82,89,205
1,4,5,8,9,10,36,61,65,72,92,96,155,157,159,164,271
1,5,9,89,271
4,82,255
84,489
40,42,68,82,92,105,171
45,82,335
5
7,36,82,92
9
4,9,68,89,217
84
40,44,68,72,499
4,85,90,217
92,123,489
4
42,68,82,92
10,217
1,10,35,39,44,68,82,92,102,126,128
36,37,68,82,92,386
5,45,82
37,82,89,90,170
1,217,287
4,9,40,44,61,82,89,126,164,368
4,5,35,36,68,72,82,89,90,92
1,5,36,37,42,45,89,90,91,92,157,489
5,89,217
82,132,181
499
4,10,36,45,85,92,217
3,87,489
1,4,82
1,4,84,240,489
1,4,85,107,489
1,36,42,45,85,90,133,170,187,499
4,84,127,136,172,213,217
40,82,123
4,89,92,271
82
89,205,489
1,4,35,39,72,82,91,92
4,5,40,82,85
36,45,82,89,90,127,164
1,5,35,46,53,89,217,369
4,45,82,126
1
5,217
5,90,489
4,68,87,92,490,499
1,4,8,87,126,271
85,217
1,40,89,271,389
4,44,68,72,82,92
8,35,82,87,89,126
10,91,92,126,271,492
4,7,85,489
1,4,35,82,126
4,7,89,92,164,217
82,89,90,430
10,40,44,90,92,217
4,5,82,89,164
40,42,82,89,96,170
42,217
1,40,45,92,126,217,242
35,84,89,90,217
5,40,89,489
90,253,499
10,68
391
4,5,45,205
7,84,92,93,132,217,501
1,8,82,84
4,35,36,72,87,89,92,126,271
4
36,82,92
1,8,35,39
4,90,92,126,271
4,5,127,164,489
37,89
1,40,92,96,164,205,271
85,90,499
128,171
9,205,217
1,35,40,42,82,84,145,330
4,5,44,68,82,95,164
4,217
9,35,45,90,92,217
40,45,499
1,35,39,85,89,90,126,180,184,392,489
1,217
4,82,164
36,42,68,92,126,217
1,35,271
5,36,45,82,84,89,90,126,255
9
4,7,35,39,40,82,96
1,9,35,36,42,45,82,84,85,90,128,213
1,4,8,42,72,84,96,157,271,359
1,4,5,8,37,85,89,217
4,35,39,42,44,45,82,92,126,328
5,42,217
42,82,89
1,4,35,87,89,92,489
1,4,45,217,321
1,4,35,82,87,126
68,82,100
1,4,217
4,5,87,126,311,489
19,42,45,91,164,217
35,84,213,489
1,4,8,35,194,271
205,489
35,68,82,90
9
35,217
1,36,82,92
40,45,164,217
89,90,217
7,68,82,92
1,5,8,36,40,42,53,85,89,126,386,489
8,45,82,85,89,90,100,121,127,164,210,335
9
5,22,36,53,82,89,91,92
1,4,42,45,84,89,92,164,205,217,293
89
1,35,40,44,53,84,161,170,217
4,10,92,181,489
4,35,39,40,217
35,87,89,126,217
5,8,68,92,132,215,217,232
5,90,188,217,338
42,46,68,85,92,96,499
4,5,92,499
5,25,35,44,82,84
4,5,45,65,82
42
164,268,474,489
68,93
35,72,82,89,90,92
45
4,36,40,44,45,82,92
4,89,127,271
10,36,87,92
9
13,42,82,85,102,110,126,159,210
1,4,5,35,36,84,87,89,148,489
42,217,307
82
4,5,8,57,95,139,489
4,36,45,82,87,89,90,92,100,110,164
1,35,39,85,96,118,159
9
4,85,87,271
5,35,82,205
4,84,91,433,449,489
4,49,84,127,271
4,5,35,42,85,217,237
68,82,89,90,92,164
5,39,40,89,90,271
4,89,271
82,89,90
82
271
89,90,489
82
82
4,36,118,489
4,44,82,162
1,8,42,489
1,271
1,45,49,288,499
92
4,42,89,91,205,217,322
192,474,489
35,39,91,205,271
4,8,42,45,84,85,184,212,217,449
35,82,89
1,5,9,42,164,217
65,68,82,92
36,89,217,396
1,10,35,36,68,72,92,131,133,155,157,169,217
68
89,90
82,215
68,82,159
82,162
1,8,68,89,90,92,212,217
1,5,39,40,42,45,170,217,270,329
4,36,68,92,217
1,4,68,72,82,85,92,131,139,193
4,72,82,127
82,84,89,90,91
40,217
10,68
4,37,82
4,82,127
1,9,90,271
4,9,35,45,68,72,82,87,91,92,126,164
5,35,36,53,82
1,40,212,271
89,164,499
89
1,68,89,90,92,126,217
4,5,68,92,217
4,8,10,35,45,68,72,85,87,92,159,217,293
4,8,35,42,126,217
4,35,39,68,82,164
4,36,40,42,72,82,87,89,90,92,164,166
4,82,391
7,72,82,85
89,157,164,205,217,368
5,418,499
4,22,45,82,92
271,451
35,92,126,489
90,92,489
89,90
68
82,92,396
45
4,68,72,92,93,217
4,5,19,40,82,84
42,100,126,217,306
35,36,92,96,126,217
1,5,82,89,164,322
96,217,250
1,4,5,10,72,82,84,89,90,164,204
40,92
68
4,84,85,90,217
4,89,271
4,9,45,89,217
394
1,36,42,84,92,489
4,82,127
8,96,155,217
9
36,82
5,8,22,37,489
68,92,217
1,35,42,170,449,489
42
4,36,82,89,90,159,213
4,10,92,489,492
1,4,8,45,84,89,91,107,157,205,217
4,7,45,82,89,92,389
1,82
5,36,82,89,90,92
5
7,92,217
8,42,217
4,36,82,92,127,157,293,449
4,85,96,126,217
35,42,44,89,90,217,391
1,186,217
4,5,89,271
82,89
1
4,10,72,92,217
1,4,40,489
5,8,68
42,271
4,36,92,489
1,4,5,35,45,82,127
4,8,45,205,217
1,5,30,35,39,40,42,44,45,72,82,84,92,128,171,238
1,35,87,133,490,499
82,159
44,89,100,157,217
4,40,217
36,82,189
489
4,82,84,89,255,431,468
1,35,36,39,133,139,213,217,242
4,10,35,89,92,93,96,217
4,7,68,92,217
40,45,82,91,164
4,9,45,84,90,217
9,45,54,85,90,127,217
92,151,217
4,72,82,89,133,480
4,5,44,91,92,126,271
89,92,217
9
4,36,92,217
4,9,45,96,217
68
5,40,92,126,164,489
391
4,7,68,82,92,205
1,82,84
4,45,68,82,92
4,8,36,82,89,92,210
5,8,35,36,45,84,89,90,96,128,217
5,40,42,82,89
5,217
217,389
35,263,271
5,45,53,68,92,490,499
91
1,4,18,35,42,89,91,127,164,271
5,72,92,93,217
68,82,89
10,44,72,89,90,92,126,217
3,5,40,92,489
489
45
84,89,131,217
1,8,84,217
8,40,42,45,82,90,92,164
217
217
1,4,42,82,89,390
92,188,271
1,92,100,132,489
4,5,42,82,97,493
1,9,36,82
5,40,42,89,164,489
1,4,5,11,84,85,89,205,213,217,452,468
4,7,35,36,45,126,157,210,347,489
85,499
40
36,45,46,72,92,126
35,40,82,89,90,396
35,499
4,7,36,40,45,164,217
82,89,90,91,92
82,85
4,40,271
35,90,91,92,271
92
85,90
40,271
10,68,72,92,217
1,4,7,89,126,184,217
89,90,217,307
4,271
9,82
4,82,87,126,164
7,10,36,72,82,92,93,171
42,82,85,87,126,170
1,4,89,96,127,489
1,35,40,42,271
36,82,85,89,92
7,84,489
4,45,68,92,217
40,72,89,92,96,217
1,166,310,499
4,5,489
68,82,92
18,35,82,126
4,82
489
4,82,89,92,126,205,498
1,84,489
4,35,39,68,82,91
73
1,5,10,40,82,92
4,449,489
4,271
4,82,89
1,89,127,136,217
40,205,271
164
4,8,35,82,89,134,452,456
1,8,49,82
9
45,82,89,126
40,82
5,111,217
4,5,8,35,40,84,89,90,91,164,217
7,42,92,489
4,68,92,217,242
1,4,42,90,499
4,53,90,217
82,126
9
4,5,8,84,91,126,217
4,5,46,489
271,492
35,39,82
1,35,40,68,92,128,499
1,4,35,39,44,82,164,368
4,5,89,217
42,45,82,84,89,127,164,250,295
9,184,217,432
5,40,68,89,90,164,170,217
9,242,489
4,5,9,82
4,68,82,92,232
4,271
1,7,8,36,42,45,84,89,91,217,225
255,489
5,40,42,82,89,212
72,92,96,489
4,40,42,44,217
7,45,57,217
89,90,205,217
42,84,90,271
36,82,89,90
35,36,39,89,90,253,489
4,5,84,217
4,82,89,90,92
4,45,87,92,126,271
36,82,89,90
5,82
82,89,96
5,35,39,82,173,368
42
36,40,89,489
92,271
1,4,35,36,40,42,46,68,72,82,92
4,44,111,217
1,39,89,126,217
8,42,82,84,92,96,390,470
10,68,217
36,45,176,217
4,25,82,89
4,8,36,45,82,89,90
68,72,82,92
5,82,205
5,40,42,87,89,91,217
4,5
39,68,72,92,217
4,36,68,82,92
1,4,271
85,89,90,96,164,217
85,164,499
128,171,217
4,89,271
4,271
4,42,499
82,85,313
4,8,45,82,89
5,36,57,188,217
4,35,39,89,90,126,205,217,368
42,82,92,102,126,171
82,84,91,127,295,452
1,4,51,63,68,82,84,85,90,151
4,8,35,42,68,72,84,91,92,126,217
10,92,217
97
4,68,89,92,217
3,40,217
35,39,68,82,132
84,90,91,489
1,35,73,82,255
36,42,82,92,96
13,217
68,92,248,499
1,89,213,489
4,44,164,271
9,42,89,90,217
68,89,90,92,96,217
4,5,35,39,40,44,45,89,90,217
9,84,85,89,90,127,217,293
1,10,92,217
4,5,42,84,92,131,157,164,489
162
57
36,89,271,307
8,42,68,72,82,85,92
22
8,36,42,85,307,489
1,82
1,82
35,39,82,89,90,127,286
68
36,44,68,82,92,132
4,9,36,45,68,72,82,89,92
36,82,84,91,92,105,237
4,44,45,82,164
4,82,85,127
4,84
5,84,217
82
1,4,36,45,72,84,85,92,157
4,5,82,89,91,92
215
89,90,217
4,271,467
5,10,68,82,92,132
4,72,89,90,499
90,126,134,217
1,4,5,82,100,368,375
68,85,217
45,82,97,205
1,4,89,90,91,127,271,305
82,92,215
53,217
1,4,68,92,217
126,271,368
35,36,45,68,82,92,126
42,67,73,171,217
1,36,92,217
4,7,87,126,127,166,217
4,271
36,53,68,89,90,92,499
196,489
1,8,35,36,40,42,44,53,205,361,386,489
40
5,37,82
215
1,4,68,82,89,90,92
82
9,42,82
4,82,164
45,82,89
1,5,45,68,85,90,92
68
42
45,82
4,68,82,92,126
4,68,89,92,113,217,331
45,82,90
82,85,87,90,126,127
90,489
89,90,489
35,36,82,85,90
4,7,36,53,72,82,92
8,89,92,271
5
35,39,45,82,89,90,92
45,82,84,91,96,164
1,8,117,164,238,486,489
4,35,45,85,132,217,353
182
1,82,85,89,90
36,85,90,92,96,164,489
35,39,42,45,68,72,85,92,96,499
4,36,82,113
4,36
4,5,35,45,72,82,89,90,92,126
82
1,4,84,184
1,5,35,36,39,82,84,89,157
1,7,205,217,249
1,4,7,40,82,84,92,157
1,4,45,126,217
1,68,92,217,354
4,7,8,35,42,92,164,205,271
4,35,36,39,45,68,82,161,215
1,5,35,92,489
4,45,82,89
92,489
19,82,335
4,91,271
1,35,39,82,84,89,90,126,127,175,417
9,82,132
36,92,489
68,92,217,237
4,35,45,82
4,36,90,157,187,217
85,215,217
1,4,35,39,49,127,136,166,184,217,398
4,82
5,82,89,90,170
1,7,8,36,40,45,53,68,89,90,92,217
10,68,82,92,179
1,4,5,217
4,10,82,92
1,4,72,77,89,90,92,96,171
35,36,39,85,499
36,68,82,85,92
4,85,96,217
1,4,40,45,82,84
5,45,82,92,136
4,35,36,39,40,42,217
92,489
4,5,40,44,164,489
8,10,36,40,89,92,217,261
1,35,37,42,68,102,217
92,489
82,92
35,36,89,489
89,489
1
1,10,35,36,68,82,92,132
36,45,92,217
8,68,217,242
4,36,82,92
105
36,68,72,82,85,92,132,164
4,22,44,45,46,82,89,90,164,368
64,84,217,237,405
1,5,40,68,84,89,100,217
4,36,68,82,92,127
82,127,131
4,40,89,92,489
36,68,82,92,93
170
85,164,217
82,85,92
9,271
4,72,92,217
4,46,68,89,499
4,35,92,128,499
1,4,7,10,36,40,72,82,90,92,118
5,89,171,271,492
4,35,39,92,242,271
35,36,82,126
1,7,10,89,92,126,200
4,68,92,126,217
4,85,217
4,37,40,42,89,90,164,205,271
4,35,42,45,82,92,369
5,128,171,499
45,82,89,90,241
23,217
36,40,82,89,90
1,271
217,428
89,90,217
4,68,92,217
1,4,5,8,35,36,39,40,42,45,82,84,87,91,97,126,170,210,368
36,82,400
1,4,5,36,92,164,271
1,4,72,217
5
35,82
35,42,396,499
4,5,45,93,127,136,164,217
82,85
45,89,92,217
7,84,85,90,91,158,213,489
5,82,92
4,10,72,92,271
35,39,42,84,100,104,490,499
42
1,5,8,9,36,40,42,72,82,96,213
4,489
82
1,4,8,42,82,91,164,187
1,82,222
5,42,82,89,90
36,82,89,90,396
92
42,44,68,82,89,90
4,19,82,92,368
89,90,126,217,405
217
42
1,4,45,72,82,89,127,136,164,449
35,39,164,489
1,10,68,82,89,92,93,131,200
4,36,37,46,84,92,489
7,8,68,92,96,159,217
5,42,85,90,92,170,248,306,489
40,42,72,82,85
7,68,217
1,4,35,36,39,92,126,271
4,82,205
4,7,118,489
4,85,126,164,210,217
4,5,40,499
82
39,42,489
4,45,82
89,90,489
1,4,5,42,82
39,40,53,170,217
1,8,35,39,42,89,321,368,499
1,4,36,42,68,82,165
5,8,89,90,139,271,306
82
4,217
4,5,9,499
4,45,164,309,359
8,35,53,100,271
5,36,87,126,369,489
126,489
89,166,499
1,4,8,10,36,45,92,189,217
89,90,92,217
13,82,89
35,82
4,5,46,217
9,45
45
85,89,90,127,136,217
89,90,139
4,5,42,45,68,82,92
9,85,107,217
489
4,89,217
42,53,217
68,92,217
4,68,82,92
4,7,89,489
4,89,217
96,217,359
4,35,39,45,68,82,87,92
217
10,35,68,85,92,217
5,217
1,8,177,217,389
4,5,82,84,255,463
1,7,10,82,96,243
217
4,82,89,93,103,127,136,164
9
10,217
1,5,8,31,82,91,246
40,217
4,82
36,53,68,89,92,217
45
35,39,217
40,68,82,92,100
82,89,90,171
1,8,89,90,127,157,217
4,82
4,45,82,89,90
82,85
1,4,85,136,217,268
1,4,35,39,46,82,205,306
85
5,40,42,45,164,182,271
217
1,4,9,42,68,91,92,164,205,217
286
1,9,10,42,84,92,131,132,499
1,4,35,82,126,270
82,85
4,35,40,82,100,353
36,89,90,217
20
4,89,224,271
35,96,138,489
5,217
4,35,89,90,92,126,489
4,68
85
5,418,499
57,82,90
22,36,217
4,5,126,127,164,271
82
4,5,10,68,92,217
1,4,8,10,85,176,237,489
82
489
40,82,90,92
4,82,89,92
72,82,92
4,7,10,42,92,164,271
4,45,217
4,45,68,82,92
89,165,217
42,89,107,126,271
5,8,45
40,161,170,217
1,35,40,44,132,136,217
4,82,164
5,217
82
4,37,89,217
82,127
1,10,36,72,92,271
5,271,307
68
4,42,82,92
4,38,68,72,92,217
1,4,42,82
85,217
5,82
36,57,85,489
4
5,217
35,39,82,84,91,92,126
36,40,82
8,82,89
1,10,35,64,92,271,492
7,36,82,87,110
4,5,39,40,42,92,271
4,489
10,68,89,92,217,228
36,49,91
4,89,139,217,306
1,5,89,90,92,154,237
4,5,36,39,72,89,90,92,489
90,127,217,291
10,40,68,82,164,173
45
35,82,90,126
36,159,489
42,45,73,82,100
5,42,45,170,499
1,36,68,82,89,90,92,132
92
42,89,90,103,187,489
89
4,9,89,90,217
4,35,36,40,44,89,96,271
134,489
1,8,82,89,92
1,10,35,87,92,271
4,36,68,72,82,92,93
36,68,92,217
8
92
1,4,9,35,39,87,126,271
82,89
82
4,40,82
4,271,456
45,87,126
1,82,85,92,96,235
92,217
13,89
4,7,42,46,68,82,85,92
4,68,85,92,499
9,40,162,489
1,49
68,92,217
1,8,89,161,217,306
242,271
4,5,35,82,84,91,136
4,10,35,68,72,89,92,217
1,33,36,85,92,132,271
1,4,5,7,36,42,68,84,89,91,92,215,217,386,401
4,36,68,92,105,217
4,9,35,68,82,92,126
4,91,255,271
45,89,90,217
1,4,84,217
36,73,217
1,4,44,217
5,82,84,90,157
72,105,132,237,489
44,82,89,92,164
42,45,84,92,217,293
4,5,8,35,37,84,89,205,489
5
36,68,72,74,92,165,391,499
35,68,82,92,369
40,89,90,161,217,238,244,268,289
35,82,85,90,255
82,84,91,134
92,157,194,489,492
3,5,82,92,281,313,392
89,217
5,217
92
35,84,85,217
40,42,45,85,90,313,499
40,84,157,306,489
5,68,89,90,217
44
82
5,36,68,92,499
5,35,45,405
4,8,35,68,90,92,217
36,68,82,92
4,42,68,82,85,92
4,82,89,92
8,42,53,68,84,89,92,126,205,217,368
82,92,157
4,36,68,92,217
5,82,84,96,164
1,37,68,82,89,90,92,127,286
5,84,217
1,4,40,42,217,294
4
4,45,82,405
4,5,90,217
1,5,8,44,46,84,92,132,161,215,217,237
1,4,8,42,74,82,84
35,39,82
36,89,90,217,253,307,438
68,82,441
4,5,82,92
1,5,35,40,89,90,126,162,164,205,271
1,5,36,92,271
4,82,89,368
45,92,217
5,45,82,306
4,8,35,39,40,42,82,85
5,8,42,84,100,188,499
5,85,499
1,8,82
35,89,217
85,90,127,271
4,84,92,126,271
85,127,136,170,217
1,85,107,217
64,89,90,217
4,42,82
5,19,40,84,217,482
1,82,306
45,82,89,90,166
36,45,92,396,499
40,90
45,53,217
40,84,499
4,89,90,92,271
4,82,89
4,40,42,84,92,271
4,7,35,42,82,84,89,91,96,126,164
4,35,36,68,92,126,217
4,5,36,82,92,134
10,36,68,92,217
5
1
4,5,271
281
68,93
89,92,489
45,82,268,330
4,40,92,271
217
5,89,90,217
4,5,45,68,87,92,217
36,85,92,127,499
1,84,489
1,4,5,45,217
35,82,84,87,90,113,126,127,188,217,255
1,19,42,74,90,126,489
42,89,90,217
4,74,161,215,489
1,4,92,164,489
1,4,36,44,68,82,85,92,126
91,126,217
82,164
1,4,72,85,89,90,92,127,164,172,217
4,40,45,82,487
82,456
82
5,36,37,45,82
196,489
4,68,72,82
84,89,90,396,489
45,82,127,255,305
1,8,36,40,42,72,89,92,271
82
4,84,164,210,217
82,184
335
36
5,8,271,378
1,5,45,89,217
82
85,271
9
4,5,35,42,89,90,92,164,271
10,36,45,68,90,91,92,215,217
36,82,369,379
1,4,10,72,92,217
1,127
4,36,46,68,73,92,499
10,35,36,39,72,89,92,217
8,42,89,90,398,489
1,4,10,35,39,42,82,89,90,92
36,89,489
35,44,68,92,132,217
1,4,36,489
35,85,87,89,90,126,205,271
1,4,45,126,217
5,162,489
7,39,42,139,217
1,82,89,92,130
1,35,68,82,92
4,42,82,91,127,164
4,84,87,217
1,4,35,89,164,217,353
5,42,68,89,90,127,170,499
4,35,45,82,126
68,91,92,126,217
1,4,44,72,89,92,368
37,45,53,68,82,92
10,36,82,89,92,93,132
53
1,36,49,255,271,389
40,82
92,271
4,7,90,92,271,492
89,164,354,489
85
45,82,84
4,35,42,82,96,127,136,164
