4,35,36,39,42,68,72,82,89,92,164
4,8,37,40,92,489
4
5,84,85,217
35,36,68,85,90,92,93,217
39,42,82,92
4,68,92,102,217
4,84,489
4,72,271
217,251
40,42,82,92
4,36,45,68,84,90,91,92,93,217,347
68,82,97
4,89,217
4,8,38,42,159,164,217,235
36,82,87
53,92,217
4,25,40,44,45,82,134,164
1,4,42,44,72,82,92,126,199
4,35,84,87,91,165,271
7,35,36,82,84,126
4
1,4,36,68,89,92,157,217
10,42,92,132,154
4,217
4,84,271,472
4,68,82,84,92
215
53
1,4,5,8,40,46,68,92,217,368
4,7,126,164,217
5,42
45,84,85,217
9,271
4,10,92
40,45,82,265
1,8,82,84,89,127
489
35,36,68,82,84,92,126,187
1,10,36,89,92,132,217
4,36,68,82,92
1,37,92,96,499
4,40,128,499
45,89,96,164,217
4,40,68,89,92,217
4,5,35,36,39,45,68,84,92,217
44,82
5,35,46,89,91,126,369,489
45,89,90,131,133,157,217
1,5,42,499
324
36,68,82,85,89,90,92
1,8,10,36,56,92,217
1,4,10,35,36,40,68,82,92,237
4,7,68,73,87,89,92,126,164,217
4,85,92,489
42,45,82,127,174,471
4,45,217
36,68,82,85,92,445
4,5,8,35,84,127,164,172,454,489
3,271
5,85,217
1,5,36,40,53,72,92,215,232,401,499
45
1,4,8,82,84,91,127
4,42,72,96,164,271,294
35,92,271
42,92,217
35,39,73,82,89,90,170,187,369
10,42,45,68,85,89,90,92,105,499
5,489
84
4,44,45,82,91
1,35,82,90,92,126,215
1,4,5,35,36,39,40,42,72,85,92,107,164,217,236
4,35,36,68,92,217
4,42,45,92,100,368,490,499
89
42,68,90,92,164,217
68
68
189
82
1,36,217
82,85,90,306
1,35,39,40,217
45,89,217
1,4,37,158,164,190,250,271,292
4,40,68,82,92,164
1,35,36,39,40,42,45,68,72,89,92,188,217
1,6,7,45,68,85,89,90,126,188,217
4,35,39,45,215,217,232
4,36,42,89,126,217
4,9,35,42,82,128
4,10,36,48,72,87,92,217
8,36,82,89
4,212,217
42,82,131
4,35,49,82,164
5,35,128,187,213,489
4,36,72,92,126,489
85,87,217,237,255
1,4,45,82,314
42,68,89,92,212,217
4,42,82,84,210,269
4,45
1,5,8,40,44,57,84,89,90,91,164,187,271,470
40,45,68,82,90
271
7,217
82,96,431
489
4,5,42,271
39,82,237
7,126,217
1,36,37,42,72,92,126,489
1
68,82,89,92
4,35,489
4,35,40,92,489
89
5,35,42,84,217,248
39,217
5,217
42,68,92,499
5
1,4,8,74,96,164,271
9,82
4,68,92,100,165,197,499
89,90,127,217
36,40,92,132,489
4,35,40,89
176,217
4,85,127,255,456,489
1,4,5,8,42,45,49,72,82,91
4,82,127
4,10,40,89,92,217
1,4,11,35,37,39,40,82,342
4,68,72,82,92,389
217
4,489
1,4,5,7,92,245,271
4,36,82,92
42,46,53,91,217
5,217
9,217
489
205,217
44,45,82
4,271
82
89,499
4,36,42,84,87,90,92,126,210,392,489
4,68,82,92
45
4,10,36,56,89,90,92,217
68
68,87,89,90,92,490,499
1,4,8,36,40,42,45,46,61,68,77,84,89,91,92,164,205,217
82,85,89,90
1,40,89,161,164,217
5,40,489
40,44,45,82,89,90,164,238
9,49,82
217
7,54,82
4,36,37,68,92,217
1,4,7,8,35,39,68,82,92,110,126,127,405
1,4,91
7,10,45,68,92,217
4,32,36,44,46,82,89,90,103,131
36,84,85,92,204,489
4,36,45,68,72,92,217
92,271
8,45,49,82,89,90
1,35,45,89,164,217
4,82,92
4,35,92,126,164,271
4,82,87
35,36,39,82,85,92,132
5,217
10,68,85,92,217
9
1,4,5,164,271
40,89,90,489
23
1,4,5,37,40,42,68,90,92,210,217
1,180,255,489
82,100,126,188
40,90,217,250
1,5,10,35,89,90,92,126,128,489
1
4,9,40,87,91,126,217
7,89,90,127,134,217,417
84,85,365,489
1,4,7,9,36,82,92,126,157,392
1,82,85,90,306
4,45,82
4,72,164,271,458
68,90,92,217
5,37
35,217
4,42,217,250,391
45,82
4
1,39,89
4,489
5,82,84,89,90
8,45,82,87,89,90,91,126
35,37,39,68,89,90,217
89,90,135,200,217
157,217
1,7
45,85,90,91,127,217
499
4,49,217
18,95,217
68,92,217
4,8,40,42,44,72,132,136,165,217
4,7,37,44,45,82
1,4,35,40,68,82,87,89,92
82,84
4,40,42,91,126,217
4,10,36,89,93,489
5
10,36,45,82,92
217
271
36,40,42,271
82,85,89,90
82,127
92
353
165
4,92,271
1,35,42,82,85,168
1,4,7,36,68,72,92,161,215,217
4,271
4,35,36,489
1,5,7,82,90,132,164,293
5,271
91
4,10,68,92,217
4,35,36,39,46,68,82,85,92
4,271
4,36,68,72,92,93,217
4,36,46,82,85
4,40,489
10,68,89,92,217
9
1,85,217
489
1,4,45,89,164,205,217
1,8,89,161,499
1,4,42,489
10,68,72,82,92
5,35,39,82,84,164,205,210,478
65
37,82,170,256
42,82,164,205,210,250
36,82,90
193
8,89,90,271
5
53,68,85,92,217
68,89,92,135,200,217
5,42,45,68,82,85,92,128,171
40,42,87,89,90,217,375,391
4,35,126,271
5,42,89,90,157,238,271
40,72,92,368,489
4,9,82,91,126
42,85,89,100,171,490,499
4,35,126,489
40,85,132,271,331
85,170,217,396
82,92
44
40,89,217,238
4,5,40,82,84,91,280
1
4,82,164,166
1,5,82,84,205
87,89,90,92,126,489
82,126
36,82,389
4,7,10,35,36,68,72,92,105,217
36,85,92,499
37,45,155,217
4,68,217
8,42,45,49,82,90,127
4,35,82,89,91,126,127,164
35,42,159,170,333,499
4,82
68,72,85,92,93,217
4,39,72,92,489
45,82,90,305
89,92,96,271
1,4,35,82,84,126,164
4,82,89,164
1,4,40,89,271
1,10,68,92,93,217
5,37,40,42,53,87,89,126,215,489
40,90,238,271
4,9,45,68,92,217
4,18,44,89,489
1,4,5,247,264,271
1,85,89,90,271
1,7,93,171,217
9
4,5,35,82,85,127
4,36,68,82,92
4,56,72,84,89,92,499
1,17,92,197,489
127
4,8,82,159
92,132,256,271,492
89,90,489
1,8,42,92,102,159,489
82,396
85
4,83,92,93,96,155,217
4,68,92,126,217
33
4,36,40,92,271
37,45,82
4,36,68,89,92,217
1,35,68,72,73,82,92,126
5,42,45,46,84,97,110
13,45,82,92
4,40,91,92,489
82,90
4,8,82,89,127,305
84,276,489
85
35,39,85,100,126,217,405
4,44,89,90,271
7,36,70,89,92,96,217
1,35,36,39,89,90,126,217,305
68
82
1,45,68,82,85,92,405
9,82,250
11,44,70,92,93,126,235,271
1,271,376
35,36,37,84,89,90,157,181,489
7,68,217
85,217
1,5,39,42,45,84,89,205,489
35,82
82,89,90,92
5,31,45,89,187,217
82,89
36,82,254
89,90,92,217
45,82,90,127
42,205,271
92,217
90,430
4,35,82,126,157,164
1,5,35,39,89,92,489
1,36,40,84,89,111,217,220
4,45,82,89
10,68,89,90,92,217
9,45,68
7,10,22,45,68,82,92,118,157
42,45,489
5
414
1,5,8,45,46,82,84,368
82
4,61,82,129
4,5,82,89,92
5
72,89,92,489
7,9,35,82,84,90,91,131,133,194,210
5,82,85,89
1,39,87,114,126,217
489
42,89,90,127,136,271
1,82,162
4,5,82,164
1,35,82,87,90,126,127,164
1,8,42,62,84,89,90,121,187,210,271
4,36,46,92,489
4,5,9,42,82,90
3,53,85,217
4,35,126,271
4,5,42,45,217
4,7,36,82,84,85,91,92
49,128
217
92,271
82,187
8,35,45,72,96,126,271
36,85,89,90,92,217
1,5,217,238
35,39,499
68,92,217
4,89
82,89,90
89,92,271
42
4,35,36,45,82,92
295,489
36,68,72,82,89,92
10,92,215,217
82,89,164
255,489
4,13,35,39,82,85,127,457
45,217
35,36,68,82,89,92
5,8,82
4,10,82,84,91,96,111
4,7,84,89,92,164,489
1,39,40,90,164,271
5,489
1
217
1,40,217
9
1,4,5,36,42,56,92,217
4,5,36,65,68,92,159,217,232
4,35,39,40,44,45,82,164
4,5,368,499
36,68,82,92
4,40,72,89,92,217
68,89,90,92,217
36
1,5,8,53,217
82
68
36,45,84,89,90,217,305
42,82,92
35,36,68,72,92,132,166,217,405
45,82,290
4,82,210,431
1,4,5,8,82,84,338
42,82
5,25,35,84,121,127,205,217
10,42,87,90,92,93,215,271
5,42,89,126,217
1,4,5,42,45,82,89,92
35,39,489
4,5,84,91,271
4,72,82,205
37,40,44,84,91,187,217,391,445
1,40,89,90,161,217,265
36,68,82,92
1,7,82,171
1,5,40,44,90,91,103,126,271
1,82,89,90,113
1,35,39,89,217
5,36,45,51,57,90,127,217
35,82,126
89,90,217
9,82
68,92,217
4,40,84,85,87,95,242,489
35,42,72,92,128,213,489
499
84,205,217
1,96,127,164,217
9,87,126,127,136,217
40,42,85,90,92,499
1,8,33,131,143,157,158,205,271
490,499
4,40,42,68,84,89,90,92,121,164,205,217
1,5,36,68,90,92,217,300,306,369
4,5,42,68,82,84,90
35,39,92,489
217
4,10,89,157,217
1,4,35,39,68,82,88,89,92
3,8,53,72,91,92,217
42,45,85,90,92,127,174,271
217,238
49
4,92,489
4,7,10,36,68,85,92,105,217
8,40,321,489
132,215,217,306
44,90,132,164,217
4,5,42,90,139
82,89,100,170,368
1,8,252
68
5,22,82
35,42,85,89,90,489
68
4,36,45,82,89
4,40,82,91
85,217,255
1,89,90,92,271
1,127,217,268
40,42,82,238,441
36,68,217
92,271
1,5,82,84,89,90,91
4,5,40,68,217,389
