1,4,5,7,8,9,18,35,36,37,39,42,44,45,49,68,72,82,84,89,90,92,100,110,126,128,164,187,188,212,231,405
1,4,5,7,8,9,13,30,35,36,37,39,40,42,44,45,65,72,73,84,87,91,92,93,110,126,139,166,170,184,187,188,205,231,328,368,489
1,4,5,7,8,9,13,18,23,35,36,37,40,42,44,45,53,74,84,85,87,89,90,91,92,97,107,110,126,134,157,161,166,170,171,180,184,210,213,248,296,306,321,374,386,392,396,399,401,489
1,5,7,8,9,13,18,21,22,30,35,37,39,42,44,45,49,68,72,73,74,84,85,90,92,93,100,126,128,134,157,166,173,178,184,186,188,197,212,213,217,225,231,238,274,288,396,405,443
1,4,7,8,9,15,32,35,36,37,42,46,68,72,84,85,89,90,92,93,100,102,126,128,161,206,212,217,237
1,4,5,7,8,9,35,36,37,39,40,42,44,45,68,72,82,84,87,89,90,91,92,93,126,139,289,328
1,4,7,8,9,13,28,36,37,42,46,49,58,68,72,84,89,90,92,93,96,100,102,126,128,151,157,159,164,166,171,202,210,212,213,217,237
1,4,7,8,9,35,36,37,39,42,45,58,72,74,84,92,97,212,231,240,245,257,264,278,281,489
1,4,5,7,8,9,36,37,42,45,49,72,73,84,85,87,89,90,91,92,110,126,127,136,157,164,166,170,184,188,213,231,243,269,271,273,286,305,389,432,449,453
1,2,4,5,7,8,9,25,35,36,38,39,40,42,44,45,68,72,73,74,84,85,89,90,92,93,100,110,126,131,134,157,164,171,173,205,212,213,217,236,251,306,324,383,405
1,4,5,7,8,9,13,35,36,37,39,40,42,45,46,68,72,82,84,87,89,90,91,92,93,126,128,133,159,166,231,259,328
1,4,5,7,8,9,13,35,36,39,40,42,45,49,57,68,72,74,84,87,89,90,91,92,93,110,126,128,133,157,164,171,173,184,187,203,210,213,217,231,286,293,318,338,347,353
1,4,5,7,8,9,18,21,35,36,37,39,40,42,44,45,49,68,72,82,84,87,89,90,91,92,96,97,126,128,133,134,136,157,161,165,170,188,213,215,236,238,266,285,392,402
4,5,7,8,9,35,36,37,42,68,72,84,89,90,92,100,110,126,166,212,217,405,432,453
1,4,5,7,8,9,13,35,37,38,39,40,42,44,45,61,68,72,77,84,85,87,89,90,91,92,93,102,126,131,133,136,157,159,164,166,184,205,213,217,220,229,235,237,351,415,469,492
1,5,8,35,36,42,45,72,82,84,87,91,92,126,238,257,265,280,293
1,3,5,7,8,9,13,35,36,37,39,40,42,45,53,68,72,73,74,84,87,89,90,91,92,110,126,128,133,164,171,187,188,217,231,401
1,4,5,7,8,9,25,35,36,39,40,42,44,45,49,68,72,73,82,84,87,89,91,92,93,126,131,133,134,157,164,213,274,293,296,392
1,4,5,8,18,35,36,39,40,42,44,45,72,82,84,87,89,91,92,96,126,133,157,171,199,274,321
1,4,5,7,8,9,18,35,36,37,39,42,49,72,74,84,87,89,90,91,92,93,110,126,128,157,164,165,166,171,188,271,296
1,4,5,7,8,10,13,22,35,36,37,40,42,44,45,46,68,70,72,73,74,82,84,85,92,100,102,105,108,126,134,157,166,171,193,212,213,231,237,405
1,4,5,7,8,9,13,35,36,37,39,42,45,49,58,68,72,74,84,87,89,90,91,92,164,171,173,175,210,259,274,279,334,490,499
1,4,5,7,8,9,18,35,36,37,39,42,45,53,68,72,74,84,87,89,91,92,96,126,128,133,157,164,184,194,213,217,231,262,293,382
1,3,4,5,7,8,9,10,35,36,37,39,42,44,45,46,48,56,72,82,84,85,87,89,91,92,101,102,126,128,132,148,154,157,164,168,205,222,235,237,293,296
1,4,5,7,8,13,35,36,40,42,45,52,68,72,74,78,81,84,87,89,91,92,93,126,157,165,210,217,315,359,367
1,4,5,7,8,9,35,37,39,40,42,45,49,74,84,89,90,91,92,102,126,128,137,171,187,196,210,231,271,296,306,392,400,439,440,472,492
1,3,4,5,7,8,9,10,18,20,22,29,35,36,37,39,40,42,45,49,57,61,68,72,73,74,78,82,84,87,89,90,91,92,96,103,126,129,133,134,136,156,157,165,170,172,173,184,187,188,190,191,193,198,210,213,236,238,254,267,269,293,305,306,338,341,386,401
1,4,5,7,8,9,13,35,36,37,42,43,45,49,53,68,69,72,73,82,84,87,89,90,91,92,93,94,110,113,126,133,139,157,164,170,171,184,187,188,210,213,215,227,231,377,439
1,4,5,8,35,36,37,39,42,45,49,53,68,72,84,85,87,89,90,92,126,159,188,217,293,386
1,4,5,8,9,18,35,36,37,39,40,42,45,46,68,72,73,74,84,87,91,92,93,126,133,166,203,210,217,266,267,270,285,329,351,354,357,368,372,375,384,461
1,4,5,7,8,9,35,36,39,42,45,49,68,72,74,84,87,91,92,126,139,164,166,217,242,288
1,5,8,36,37,39,40,42,53,72,84,87,89,90,91,92,110,126,157,166,188,210,401,489
1,4,5,7,8,9,13,28,36,37,42,45,72,73,74,84,85,89,92,93,100,107,110,126,128,131,139,157,164,166,184,187,188,193,205,212,213,217,405
1,4,5,7,8,9,18,35,37,42,45,73,84,87,89,90,91,92,93,126,127,134,136,146,157,164,169,170,174,184,187,188,205,210,213,231,248,255,271,290,293,432,449,452,457,462,467,468,492
1,4,5,7,8,9,10,13,21,25,35,36,37,38,39,42,44,45,46,49,56,63,72,73,74,78,84,87,89,90,91,92,96,101,102,122,126,128,131,134,139,157,164,166,171,173,180,188,190,235,236,237,489
1,4,5,7,8,9,13,35,36,39,40,42,44,45,49,68,72,73,74,82,84,85,87,90,91,92,93,102,126,128,133,134,139,145,157,166,188,213,242,265,286,310,319,324,347,359
1,5,6,7,8,9,18,25,35,36,37,39,42,45,57,72,73,82,84,85,87,89,90,91,92,114,126,127,128,129,131,133,134,146,157,166,170,184,187,194,195,213,250,253,291,305,307,316,417,424
1,4,5,7,8,9,13,35,36,37,39,42,45,72,73,74,84,85,87,91,92,93,104,107,110,126,131,139,157,158,164,166,169,171,184,187,188,205,213,241,261,262,290,489
1,4,5,7,8,9,10,13,18,22,32,34,35,36,37,39,42,44,45,46,49,56,59,63,68,72,73,74,82,84,85,87,91,92,93,102,105,110,126,128,132,133,157,161,164,169,171,184,187,188,193,203,210,221,223,231,237,293,296
1,7,8,10,35,36,42,45,68,72,89,90,92,93,100,102,126,132,143,157,159,168,210,212,217,237
1,4,5,7,8,9,11,13,35,36,37,39,42,45,49,68,72,73,74,82,84,85,89,92,93,100,110,126,128,134,157,166,171,173,184,187,188,212,213,231,236,259,306,310,353,405
1,4,5,7,8,9,18,22,28,35,36,37,39,40,42,44,45,46,63,64,72,73,84,87,89,90,91,92,96,105,110,126,128,134,139,144,157,164,165,166,171,173,184,188,193,210,213,231,235,499
1,4,7,8,35,36,37,40,42,44,45,68,72,73,84,89,92,128,171,187,188,231,405,490,499
1,5,7,8,9,13,18,35,36,37,39,42,44,45,49,68,72,74,84,87,89,90,91,92,93,96,110,126,133,134,164,187,205,217
1,4,5,7,8,9,35,36,37,39,40,42,44,45,68,72,73,74,84,85,89,90,92,97,100,126,128,139,162,171,187,188,205,212,217,228,315,328,368,372,405,477,484
1,4,5,7,8,9,13,35,36,39,42,45,68,72,84,87,91,92,93,126,164,187,217,293,359
1,4,5,8,25,35,36,37,39,40,42,44,45,46,72,75,82,84,87,89,90,91,92,126,128,133,134,157,184,187,205,293,296,328,368
1,3,4,5,7,8,9,23,35,36,37,39,40,42,45,46,49,53,72,73,74,84,87,89,90,91,92,110,126,128,136,157,170,172,187,188,232,293,369,394,396,402,489
1,4,5,7,8,9,13,18,25,28,35,36,37,39,42,45,49,68,72,73,74,84,85,87,89,90,91,92,107,121,126,127,128,131,133,134,136,146,157,162,164,169,184,187,188,195,205,213,217,231,253,305,307,325,422
1,5,7,8,31,35,36,42,45,68,72,84,87,91,92,128,293,490,499
1,4,5,7,8,9,13,18,33,35,36,39,42,45,49,68,72,73,84,87,89,91,92,107,116,126,133,134,157,172,184,188,205,210,217,293,324,359
1,5,7,8,9,13,35,36,39,42,45,68,72,73,82,84,85,89,90,91,92,126,133,134,157,188,215,253,293,305
1,4,5,7,8,9,10,28,35,36,37,39,42,44,46,56,63,72,84,85,89,90,91,92,101,105,116,126,128,133,157,159,171,187,210,213,214,217,231,293
1,4,5,7,8,9,10,13,20,22,35,36,37,40,42,43,44,45,68,72,73,74,82,84,85,92,100,102,105,126,159,171,184,213,225,237,269,314,405,409
1,3,4,5,7,8,9,18,33,35,36,37,39,40,42,44,45,68,72,73,78,84,87,89,90,91,92,126,128,131,133,136,139,157,164,169,170,184,187,188,217,231,382,389,392
1,4,5,7,8,9,22,35,36,37,38,39,40,42,44,49,50,57,63,65,72,74,84,85,91,92,101,102,122,126,128,134,144,157,159,164,184,188,198,231,235,293,489
1,5,8,9,21,22,35,36,39,42,45,68,72,82,84,87,89,90,91,92,93,97,126,127,128,133,134,136,142,157,164,174,184,205,210,295,305,389,449,452,468,471
4,5,7,8,35,36,37,39,40,42,44,45,72,84,89,90,92,100,126,164,166,188,212,213,217,351,405
1,3,4,5,7,8,13,35,36,39,40,42,44,45,68,72,74,82,84,85,92,97,98,100,126,128,136,166,171,231,232,248,389,391,405,445
1,4,5,7,8,9,11,35,36,37,39,42,45,62,72,73,74,84,87,89,91,92,93,103,110,126,127,128,136,164,166,170,171,172,175,184,187,188,210,231,246,255,265,273,286,331,346,354,389,398,414,449,452,454,457,489
1,3,5,7,8,9,18,22,23,35,36,37,39,40,42,44,45,46,52,53,72,73,74,84,87,89,90,91,92,93,110,126,128,134,157,161,164,166,170,171,177,184,187,188,191,201,210,213,231,269,271,296
1,5,8,35,36,37,42,45,53,68,85,92,217,405
1,3,4,5,7,8,9,18,30,35,36,37,39,40,42,45,49,53,65,72,73,74,84,85,89,90,92,100,110,126,157,166,170,171,176,184,187,188,212,215,231,232,306,394,401,499
1,4,5,7,8,9,35,36,39,42,45,49,68,72,73,74,82,84,87,89,91,92,93,113,126,127,133,136,146,166,170,184,187,188,210,213,255,276,279,296,305,312,346,370
1,4,5,7,8,9,13,18,35,36,37,39,42,45,68,72,74,82,84,87,89,91,92,96,119,126,127,128,133,136,157,164,166,172,184,188,210,231,255,331,456,468
1,4,5,7,8,9,25,35,36,37,39,42,45,49,72,84,87,89,90,91,92,93,96,113,126,134,136,157,164,166,184,205,210,271,294
1,2,4,5,7,8,9,35,37,39,40,42,44,45,46,63,73,74,84,87,89,90,91,92,126,128,157,159,164,171,183,188,231,233,237,271,293,492
1,4,5,7,8,9,35,36,37,39,42,45,46,49,68,72,73,74,84,89,90,91,92,126,128,133,136,139,170,188,205,217,306,394,396
1,4,5,8,13,18,35,36,37,39,40,42,44,45,49,68,72,73,82,87,89,90,91,92,126,128,133,134,170,171,187,215,231,232,369
1,4,5,7,8,9,10,13,18,35,36,37,39,42,45,49,68,72,74,84,85,87,89,90,91,92,105,110,133,134,159,164,170,205,238,293,328,391,490,499
1,3,4,5,7,8,9,22,31,35,36,37,39,42,44,45,52,53,61,84,87,89,90,91,92,98,126,134,139,156,162,170,188,210,213,215,231,232,237,370,386,394,401,402,489
1,4,5,7,8,9,35,36,37,39,42,45,58,68,72,74,78,84,87,90,91,92,93,96,102,126,133,139,157,166,187,188,205,217,242,359
1,4,5,8,9,13,25,35,36,37,39,40,42,44,45,49,68,72,82,84,89,90,91,92,126,128,133,139,164,166,171,184,205,242,246,328,478
1,2,4,5,7,8,9,13,35,36,37,39,40,42,45,49,53,68,72,82,84,89,90,91,92,93,110,126,128,164,170,187,188,215,231,293,313,389,392,440
1,4,5,7,8,9,35,36,37,39,40,42,44,45,68,72,74,84,85,89,91,92,105,107,126,132,133,134,164,166,170,184,187,188,217,236,293,296,321,443
1,4,5,7,8,9,22,34,35,36,37,40,42,44,45,68,72,73,84,85,92,93,96,100,102,105,126,128,135,151,159,166,171,188,206,212,217,231,232,237,405
1,4,5,7,8,9,13,35,36,37,39,40,42,45,68,72,73,84,85,92,100,110,128,134,157,166,171,187,188,212,213,231,368,405,490,499
1,5,7,8,9,35,36,39,42,45,68,72,84,87,89,90,91,92,126,127,131,133,134,136,142,164,167,184,205,217,250,253,255,410
1,5,7,8,9,35,36,37,39,42,44,45,46,68,72,74,84,85,89,90,92,93,100,110,126,139,164,187,212,217,368,405
1,4,7,8,9,35,36,37,40,42,45,49,68,72,74,84,85,89,92,100,126,128,170,188,217,231,232
1,2,4,5,8,13,35,36,37,42,45,49,68,72,73,74,82,84,85,89,90,92,100,126,127,134,166,170,187,188,212,213,231,237,305,389,405,449
1,4,5,7,8,9,28,35,36,37,39,42,44,45,46,49,56,63,72,73,74,82,84,87,91,92,93,96,102,105,110,126,128,131,133,134,145,157,159,164,171,184,187,189,205,210,213,231,293,306
1,4,5,8,13,35,36,37,39,40,42,44,45,68,72,82,84,91,92,110,126,133,139,157,159,207,213
1,4,7,8,9,18,35,36,37,42,46,49,68,72,74,84,85,92,93,102,126,128,157,164,166,171,188,212,217,231,237,405
1,4,5,7,8,13,35,36,37,39,42,45,49,68,72,73,74,82,84,85,90,92,100,110,126,127,157,159,166,170,188,212,213,306,331,405,418,456,457
1,3,5,7,8,9,23,35,36,39,40,42,45,53,59,68,72,74,84,87,89,91,92,110,126,128,133,157,171,187,188,213,217,231,232,237,293,369,380,394
1,4,5,8,9,13,35,36,37,39,40,42,44,45,49,50,68,72,73,74,84,89,90,92,100,110,126,128,134,157,161,164,166,171,175,184,187,188,212,213,215,217,231,371,392,405
1,4,5,7,8,9,18,21,33,35,37,42,44,45,46,71,84,89,90,91,92,110,113,126,128,129,131,157,158,164,190,202,205,210,213,250,261,271,292,298,356,431,432,449,452,462,466,467,468,492
1,4,5,8,9,35,37,39,40,42,44,45,49,60,68,72,82,84,87,89,90,91,92,93,126,128,131,133,136,139,157,164,166,187,188,205,210,213,238,242,261,292,478
1,4,5,7,8,9,13,35,36,37,39,40,42,45,68,72,84,87,89,90,91,92,110,126,128,133,157,164,184,188,205,217,238,293,391,475,478,480
1,5,6,7,8,9,35,36,37,39,42,45,68,72,73,74,84,85,89,90,92,100,126,127,128,136,164,166,170,171,184,188,212,213,217,253,405,434
1,4,5,7,8,9,18,35,36,37,39,42,45,68,72,73,74,84,87,91,92,110,126,128,133,157,166,188,213,215,217,232,389
1,4,5,7,8,9,13,35,36,37,39,40,42,45,57,72,84,87,89,90,91,92,93,107,110,126,128,139,157,164,171,184,188,217,225,231,242,243,293,320
1,4,5,7,8,9,13,35,36,37,39,40,42,45,72,82,84,86,87,89,90,91,92,93,116,126,128,130,131,133,134,139,157,164,184,187,188,205,210,213,293,308,337,339,366
1,4,5,7,8,9,10,13,35,36,37,39,42,44,45,48,49,63,67,72,78,83,84,87,91,92,101,102,122,126,128,133,134,157,159,164,171,184,193,213,217,293
1,4,5,7,8,9,30,36,37,40,42,44,45,68,72,73,74,82,84,89,92,126,157,166,170,188,212,213,231,405
1,4,5,7,8,9,35,36,37,39,42,45,68,71,72,84,92,100,126,128,134,157,210,212,217,405,462,467
1,4,5,7,8,9,18,25,35,36,37,39,42,44,45,49,68,72,74,78,82,84,87,91,92,93,113,126,127,131,133,134,136,146,150,157,158,164,184,187,188,191,194,205,210,213,262,273,286,293,296,305,335,418,420,468
1,4,5,8,25,35,36,39,42,44,45,46,49,68,72,82,84,85,92,97,100,126,128,164,170,187,188,205,213,368,405,477
1,4,5,7,8,9,13,35,36,39,40,42,44,45,49,72,73,74,84,87,89,90,91,92,110,126,128,134,148,157,164,166,167,171,184,187,194,205,210,213,318,347,353,489
1,4,5,7,8,9,35,36,37,39,42,44,45,72,73,74,84,85,92,93,100,126,128,157,164,166,171,184,188,205,212,231,320,405,489
1,5,7,8,9,35,36,37,42,44,45,49,68,84,85,87,89,90,91,92,126,127,128,133,136,157,166,170,184,187,199,210,217,237,255,305,307,414
1,4,5,7,8,9,35,36,37,39,40,42,45,49,61,62,68,72,73,82,84,87,89,90,91,92,93,126,128,133,134,139,157,158,164,166,181,184,187,188,210,213,242,251,254,265,273,286,287,289,306,314,319,326,407
1,4,5,7,8,9,13,35,36,37,40,42,44,45,49,68,72,73,84,85,89,90,92,100,126,128,171,184,188,212,213,215,217,405,443
1,4,5,7,8,9,35,36,37,39,42,45,68,72,73,74,82,84,87,89,90,91,92,93,110,126,127,128,133,134,136,157,164,166,169,170,184,187,205,210,213,231,269,305
1,4,5,7,8,9,35,36,37,39,42,45,72,74,82,84,91,126,133,171,205,238,252,257,277,280,286
1,4,5,7,8,9,35,36,37,39,40,42,44,45,57,72,73,74,84,87,89,90,91,92,93,96,105,110,126,128,131,161,164,166,170,171,184,187,188,213,215,231,232,238,271,274,337,373,392,443,470,472
1,4,5,8,9,35,36,37,39,40,42,45,49,68,72,74,81,82,84,87,89,90,91,92,93,126,128,139,157,164,165,171,188,231,238,289,293,315,334,384
1,4,5,7,8,9,10,13,18,35,36,37,39,42,44,45,59,72,73,74,84,87,89,90,91,92,93,102,108,110,119,126,128,134,157,159,166,171,183,184,187,188,189,210,213,231,271
1,3,5,7,8,9,22,35,36,37,39,40,42,45,53,68,72,84,85,87,89,90,91,92,126,128,157,166,170,171,184,197,213,217,237,360,369
1,5,7,8,9,35,36,37,39,42,45,57,72,82,84,89,90,91,92,96,126,127,157,164,165,184,205,238,255,305,431,449,467,468
1,3,5,7,8,9,35,36,37,40,42,45,49,53,73,84,85,87,89,90,91,92,93,97,107,126,157,161,166,171,184,187,188,213,215,231,296,306,331,377,392,394,489
1,4,5,7,8,9,13,18,25,35,36,37,39,40,42,45,49,72,73,74,84,92,93,100,110,126,128,157,166,170,184,187,188,212,213,231,246,271,405
1,4,5,7,8,9,13,18,35,36,37,39,42,45,63,70,72,73,82,84,85,87,89,90,91,92,93,102,126,128,133,134,151,157,159,164,166,210,237
1,5,7,8,35,36,37,42,44,45,49,53,68,72,73,74,84,87,92,100,126,128,166,170,213,215,217,313,401,405
1,4,5,7,8,9,11,35,36,37,39,42,45,52,53,72,74,84,85,89,90,92,100,126,128,134,166,170,171,184,212,213,231,237,377,386,394,401,405,489
1,4,5,7,8,35,36,37,39,42,45,72,73,74,84,87,89,90,91,92,93,126,128,157,164,166,184,187,188,210,213,217,293
1,5,7,8,9,35,36,37,39,42,44,45,68,72,82,84,87,89,90,91,92,126,128,157,164,166,171,184,188,205,213,478
1,4,5,7,8,9,18,35,36,37,39,40,42,45,74,84,85,87,91,92,110,126,134,166,171,231,296,489
1,4,5,8,9,13,35,36,37,39,40,42,44,49,72,74,84,87,89,91,92,110,126,128,134,139,162,164,187,188,213,231,293,489
1,4,5,8,9,13,35,36,37,39,42,44,45,68,72,73,74,84,87,89,90,91,92,96,126,128,133,164,166,184,187,188,213,217,238,274
1,4,5,7,8,9,13,35,36,37,39,40,42,44,45,72,84,87,89,91,92,93,96,126,127,128,133,171,187,188,210,213,217,231,248,293,360,392
1,4,5,7,8,9,35,36,39,40,42,45,49,53,68,73,84,85,92,100,110,126,128,157,187,188,213,215,217,313,321,405,443
1,4,5,7,8,9,35,36,37,39,42,45,68,72,84,89,90,91,92,110,126,128,164,170,173,188,217,293,313,389,393,472
1,5,8,9,36,37,42,45,68,72,74,84,89,90,92,171,212,231,405,490,499
1,4,5,7,8,9,35,36,37,39,42,45,49,72,82,84,87,91,92,126,127,133,157,164,184,205,210,231,250,255,452
1,4,5,8,9,35,36,37,39,40,42,49,53,72,74,84,87,89,90,91,92,96,126,128,157,161,164,166,171,184,215,231,248,271,369,389,391,438,470,482
1,5,7,8,9,25,35,36,37,39,42,44,45,54,57,68,72,78,82,84,87,89,90,91,92,113,126,127,128,131,133,134,136,146,150,156,157,162,164,166,184,188,194,205,210,213,226,231,253,255,262,279,291,305,307,335,341,364,382,414,421,432
1,4,5,7,8,9,35,36,40,42,44,68,72,73,74,84,85,89,90,92,100,110,136,161,165,188,197,212,231,321,389,405,490,499
1,5,7,8,9,35,36,37,39,42,45,68,72,74,78,84,87,89,90,91,92,107,126,127,133,134,157,164,166,169,170,171,184,213,217,253,255,305,307,422
1,5,7,8,9,13,18,35,36,37,39,40,42,44,45,53,72,84,87,89,91,92,126,128,132,157,161,170,171,184,187,188,215,231,293,321,389,489
1,3,4,5,7,8,9,13,18,21,35,36,37,39,40,42,45,49,53,68,72,73,74,82,84,87,89,90,91,92,110,126,128,133,136,157,161,164,184,187,188,213,215,231,236,370,437
1,4,5,7,8,9,13,15,35,36,37,39,42,44,45,46,63,72,74,75,79,84,87,89,90,91,92,93,102,126,128,131,133,142,157,159,164,171,176,184,188,210,213,217,221,231,293
1,4,5,8,9,36,37,42,45,72,74,84,85,87,89,91,92,126,127,128,164,188,205,213,248,255,451,456,489
1,4,5,7,8,9,35,37,39,40,42,44,45,49,68,72,74,82,84,87,91,92,110,126,133,166,171,184,188,210,231,368,391
1,4,5,7,8,9,36,42,45,49,72,82,84,87,91,93,103,126,127,136,157,164,170,172,173,255,265,414,449,467
1,3,4,5,8,9,10,13,35,36,37,38,39,40,42,44,45,49,72,74,84,87,89,90,91,92,126,139,161,162,164,170,171,184,187,203,205,217,231,236,294,391
1,4,5,7,8,11,35,36,37,39,40,42,45,49,68,72,82,84,89,90,91,92,93,126,164,172,187,273,292,306,331,342
1,4,5,8,35,36,40,42,45,68,72,73,82,89,90,92,100,123,126,170,187,188,212,231,389
1,4,5,7,8,9,21,35,36,37,39,40,42,68,72,84,85,87,90,91,92,93,126,133,157,158,164,180,184,188,205,210,217,372
1,4,5,7,8,9,13,18,35,36,37,39,40,42,44,45,53,61,72,73,74,84,87,89,91,92,93,110,126,128,134,139,162,164,166,170,171,173,184,187,188,213,231,242,289,328,352,368,398,489
1,4,5,7,8,9,13,18,35,36,40,42,45,72,73,84,91,92,110,126,128,134,157,164,184,188,205,238,240,245,247,255,264,271,280,293
1,3,4,5,7,8,9,18,35,36,37,39,42,44,45,72,74,82,84,87,89,91,92,110,126,128,164,169,170,171,184,210,213
1,5,7,8,9,22,23,35,36,37,39,42,44,45,46,49,52,53,68,73,74,84,87,89,91,92,97,110,126,128,133,139,157,161,166,184,188,215,217,231,242,396,402
1,4,5,8,9,13,21,35,36,37,39,42,45,49,53,73,74,78,84,85,89,90,100,110,111,126,157,161,184,187,188,212,213,215,217,231,378,396,405
1,4,5,7,8,9,10,18,35,36,37,39,42,44,45,46,49,56,57,68,70,72,84,87,89,90,91,92,93,101,102,105,122,126,128,134,138,148,157,159,166,167,171,184,188,190,195,205,210,217,293,363
1,5,7,8,9,13,35,36,37,38,39,40,42,44,45,64,70,72,73,84,85,87,89,90,91,92,93,94,102,126,127,128,132,157,166,171,187,220,224,231,232,237,489
1,4,5,7,8,9,25,35,39,40,42,45,49,84,89,91,92,126,128,131,133,157,205,217,240,245,257,290,293
1,4,5,7,8,9,10,18,22,35,36,37,39,40,42,44,45,68,72,74,82,84,87,89,90,91,92,96,107,110,113,126,128,131,133,138,139,164,166,171,205,236,238,328,391
1,4,5,7,8,9,10,13,22,34,35,36,37,39,42,45,46,49,72,73,74,84,87,89,91,92,93,102,110,126,128,134,148,157,159,164,166,171,184,188,189,210,213,231,237,271,296
1,4,5,8,36,37,39,40,42,45,68,72,82,84,89,90,92,100,126,139,164,205,372
1,5,7,8,9,35,36,37,39,42,44,45,68,72,74,84,85,89,90,92,100,107,127,134,136,157,164,170,175,184,212,213,222,250,253,255,305,307,405,490,499
1,3,4,5,7,8,9,10,13,18,35,36,37,39,40,42,45,49,53,74,77,78,84,85,87,89,90,91,92,96,126,128,131,134,145,150,156,157,162,164,166,169,184,187,188,202,210,213,227,231,250,296,341,374,382,386,390,392,401,489
1,4,5,7,8,9,13,18,35,36,37,39,40,42,44,45,68,72,73,82,84,85,92,93,100,126,128,134,157,164,166,187,188,212,309,359,405
1,4,7,8,18,35,36,39,42,45,46,68,72,73,74,82,84,85,87,91,92,93,126,128,133,134,164,165,166,205,213
1,4,7,8,10,35,36,37,39,42,45,56,72,74,84,89,90,91,92,93,105,122,126,157,159,184,214,217
1,4,5,7,8,9,10,14,16,17,22,34,35,36,37,40,42,44,45,46,63,68,72,73,74,82,84,85,92,93,100,102,105,110,126,128,134,151,157,166,170,171,184,188,221,231,232,237,405
5,7,8,9,35,36,37,39,42,68,72,84,87,89,90,91,92,107,157,170,213,253,293,490,499
1,4,5,7,8,9,13,18,35,36,37,39,40,42,44,45,46,49,61,68,72,73,74,77,84,85,86,87,89,90,91,92,93,96,102,126,128,133,134,155,157,159,164,166,171,188,193,196,205,213,217,231
1,5,7,8,9,21,35,36,37,39,42,44,45,46,68,78,82,84,85,87,89,90,91,92,121,126,128,131,133,134,136,146,157,158,166,170,187,188,205,213,251,253,255,265,294,305,307,310,364,414,416,432
1,3,4,5,7,8,9,13,35,36,37,39,40,42,44,45,49,50,68,72,74,84,87,89,90,91,92,93,96,110,126,133,134,136,157,161,164,166,170,177,184,188,213,217,231,382,389,392,443
1,3,5,7,8,9,18,35,36,37,39,40,42,44,45,49,72,73,74,84,87,89,91,92,96,110,126,128,171,184,186,187,188,213,231,293,389,443,489
1,4,5,7,8,9,13,35,36,37,39,40,42,44,45,60,68,72,74,82,84,87,89,90,91,92,126,128,133,134,139,157,164,166,171,184,205,238,281,476,483
1,3,4,5,7,8,9,23,35,36,37,39,40,42,44,45,49,53,68,72,78,82,84,85,87,89,90,91,92,98,110,126,128,133,136,157,165,166,170,175,184,199,210,215,232,236,250,306,380,386,392,400,401,402,439
1,5,7,8,9,35,36,37,42,44,45,46,74,84,85,90,100,114,126,136,166,170,188,215,217,221,313,405
1,5,7,8,9,28,35,36,39,42,45,54,68,72,74,82,84,87,89,90,91,92,93,96,101,102,105,122,126,151,157,164,165,166,171,183,184,210,231,235,237,314
1,4,5,7,8,9,10,18,29,35,36,37,39,41,42,44,45,46,63,68,72,73,74,84,85,87,91,92,93,102,105,110,126,128,133,157,168,171,184,188,213,217,220,221,231,232,234,237
1,4,5,7,8,9,13,35,36,37,39,42,45,49,68,72,73,74,82,84,85,90,92,93,99,100,105,110,126,127,128,134,136,157,164,166,170,187,188,196,210,213,231,305,405,449
1,4,5,7,8,9,35,39,42,45,84,87,91,92,126,128,134,157,164,187,188,232,271,293,305,449,492
1,3,4,5,7,8,9,10,35,36,37,39,40,42,44,45,46,63,68,72,73,77,84,85,87,89,90,91,92,93,102,105,122,126,131,157,159,164,166,171,210,217,237
1,4,5,7,8,9,10,18,29,32,35,36,37,39,42,44,45,46,48,49,68,72,73,74,82,84,86,87,89,90,91,92,93,102,103,122,126,128,131,134,157,164,166,171,172,175,181,184,188,189,210,213,214,235,237
1,2,4,5,8,9,10,18,35,36,37,39,42,44,59,72,73,74,84,85,92,100,102,110,126,128,159,166,171,196,204,212,237,405,489
1,4,5,7,8,9,13,18,28,35,36,37,39,42,44,45,46,49,68,72,74,84,87,89,92,100,102,126,151,157,159,161,164,166,188,212,217,229,237,405
1,4,5,7,8,9,35,36,37,39,40,42,72,84,87,89,90,91,92,126,157,170,213,271,313,351,369,386,402
1,3,4,5,7,8,9,35,36,37,39,40,42,44,45,49,72,73,74,82,84,87,89,90,91,92,98,126,128,133,136,139,157,164,166,171,180,184,187,188,306
1,3,4,5,8,9,35,36,39,42,45,49,68,72,73,74,84,87,89,91,92,126,133,157,161,164,166,187,215,217,232,237,248,392,402
1,4,5,7,8,9,10,14,17,18,22,24,34,35,36,37,39,42,45,46,49,54,62,67,68,70,72,73,74,76,82,84,87,89,90,91,92,93,102,105,109,110,116,126,128,133,138,144,157,159,164,166,171,173,177,188,189,193,202,210,225,237,243,267,288,354,362
1,4,5,8,35,37,42,45,84,87,89,90,91,92,105,126,127,128,134,136,157,164,172,187,188,213,255,271,286,293,305,432,449,451,492
1,4,5,7,8,9,10,15,35,36,40,42,44,68,70,72,78,82,84,87,89,90,91,92,93,96,101,102,110,118,122,126,131,134,155,159,164,166,167,184,194,205,210,213,234
1,4,5,7,8,9,35,36,37,39,40,42,44,45,46,57,63,68,72,73,82,84,85,91,92,93,96,101,102,118,126,132,133,134,138,157,159,164,166,171,173,175,184,188,202,205,210,225,237
1,4,5,7,9,18,35,36,37,42,45,68,72,73,84,85,92,93,100,105,126,127,166,184,188,212,217,276,305,405,449,466
1,4,7,8,10,22,36,37,42,44,46,48,63,68,72,74,84,85,87,91,92,93,105,126,142,157,159,166,217,221,231,237
1,4,5,7,8,9,28,35,36,37,39,40,42,44,45,72,73,79,84,87,89,90,91,92,93,102,110,122,126,128,133,138,147,151,157,159,164,165,171,188,205,210,217,248,293
1,4,5,7,8,9,13,35,36,37,39,42,45,72,73,74,84,87,89,90,91,92,110,126,127,128,134,136,157,164,171,184,187,202,210,213,231,236,262,271,449,450,462
1,5,7,8,9,35,36,37,39,40,42,72,84,87,89,90,91,92,126,128,173,187,188,205,213,242,250,391,489
1,4,5,7,8,9,13,23,35,36,37,39,42,45,49,72,74,82,84,91,92,95,110,126,127,128,133,134,184,187,210,293,449,466
1,3,4,5,7,8,9,18,35,36,37,39,40,42,45,49,68,72,73,74,84,87,89,90,91,92,126,128,133,142,157,166,171,187,188,210,213,217,231,321,443
1,5,7,8,9,35,36,37,42,45,84,87,91,92,93,96,110,126,128,134,157,158,164,166,180,184,187,188,255,306,346,389,489
1,4,5,7,8,9,35,36,37,39,42,45,46,68,72,82,84,89,90,92,96,100,126,128,161,164,187,188,205,212,405
1,4,5,8,21,35,36,37,39,40,42,45,49,52,68,84,87,89,90,91,92,126,133,157,164,166,175,205,217,242,243,250,292,306,319
1,4,5,7,8,9,10,35,36,37,39,40,42,44,46,72,84,87,89,90,91,92,93,107,110,126,128,162,164,166,171,184,187,205,391,479,489
1,4,5,7,8,9,35,37,42,45,73,74,84,87,89,90,91,92,99,126,146,157,164,184,187,213,271,296,305,449,450,455,464,467,468,492
1,4,5,8,9,35,36,37,39,40,42,44,45,49,52,68,72,73,74,84,87,89,91,92,97,110,114,126,133,157,166,170,184,187,188,213,217,231,238,389,391,439
1,4,5,7,8,9,35,36,37,39,42,45,72,84,87,89,90,91,92,104,121,126,127,128,133,134,136,184,187,190,217,253,255,293,307,333,417
1,5,7,8,9,13,35,36,37,39,40,42,45,49,72,73,84,85,89,90,91,92,110,126,128,164,165,173,187,188,205,213,293,303,331,365,489
1,3,4,5,7,8,9,35,36,39,42,44,45,49,50,61,72,82,84,87,89,90,91,92,93,126,128,157,161,169,178,184,187,198,210,213,215,248,274,295,369,382,392,470
1,4,5,7,8,9,23,35,36,37,39,40,42,44,45,49,72,73,74,82,84,85,87,90,91,92,126,128,133,136,157,161,164,166,170,188,215,220,237,306,346,386,402
1,4,5,7,8,9,30,35,36,37,39,40,42,44,45,72,74,82,84,87,91,92,110,126,128,133,139,157,171,184,187,188,328
1,2,4,5,8,9,13,18,22,35,36,37,39,42,45,72,73,74,84,87,89,90,91,92,93,103,110,126,128,134,136,157,164,171,184,188,205,210,231,255,271,273,294,370,389,433,449,452,458,462
1,3,5,7,8,9,23,35,36,37,39,40,42,45,49,53,68,72,73,74,84,85,90,92,100,126,161,170,188,215,217,231,395,405
5,37,42,45,157,217,405
1,3,4,5,7,8,18,35,36,37,39,40,42,45,68,72,84,89,90,92,93,100,126,139,164,170,212,217,405
1,4,5,7,8,9,35,36,37,39,42,44,45,46,68,72,74,84,87,89,90,91,92,97,126,128,139,164,175,184,187,205,217,242,250,391
1,3,4,5,7,8,9,18,35,36,37,39,40,42,44,45,49,68,72,74,82,84,89,92,100,105,126,128,161,166,170,184,188,212,213,231,370,392,405,447
1,4,8,18,36,37,39,42,45,49,72,73,74,82,84,92,100,126,127,134,157,212,305,389,405,449
1,4,5,7,8,9,13,35,36,37,39,42,45,49,73,74,84,87,89,90,91,92,126,127,128,136,164,187,188,255,271,272,296,340,389,451,458
1,4,5,7,8,9,35,36,37,39,40,42,45,49,72,74,84,87,89,91,92,93,126,139,157,164,171,187,188,213,308,335,359,489
1,5,7,8,9,21,25,35,36,39,42,54,72,82,84,87,89,90,91,92,104,113,126,128,131,134,157,158,180,184,187,188,193,195,213,253,279,293,307,356
1,4,5,8,9,35,37,40,42,45,72,74,82,84,87,89,90,91,110,126,139,164,188,238,261
1,4,5,7,8,9,35,36,37,39,40,42,44,45,53,68,72,84,87,89,90,91,92,110,126,128,133,134,139,164,176,188,217,296,328
1,3,5,7,8,9,35,36,37,39,40,42,44,45,68,72,84,87,89,90,91,92,93,102,105,126,128,135,141,151,159,164,165,171,188,200,209,210,217,232,237
1,4,5,7,8,9,35,36,37,39,40,42,45,49,62,68,72,84,87,89,91,92,93,126,133,157,164,181,193,205,210,217,254,293
1,5,7,8,13,35,36,37,39,42,45,68,72,73,84,89,90,92,100,127,134,187,212,231,310,490,499
1,4,5,7,8,9,12,35,36,37,39,42,44,45,49,68,72,74,84,85,87,89,90,91,92,107,110,121,126,127,128,133,134,136,157,164,166,170,180,205,213,217,255,305,307
1,4,5,8,9,18,35,36,40,42,45,49,68,72,92,100,162,166,243,280,405,490,499
1,4,5,7,8,9,35,36,37,39,42,44,45,49,53,68,72,74,84,87,91,92,126,133,157,161,166,170,187,188,217,293,296,392
1,4,8,18,35,36,37,39,46,67,68,72,73,84,89,91,92,95,105,159,164,217,232
1,4,5,7,8,9,35,36,39,42,44,45,46,68,72,84,89,90,91,92,110,126,134,164,188,217,274,293,397
1,4,5,7,8,9,18,21,36,39,40,42,44,45,49,52,68,72,73,84,87,89,90,92,96,97,110,114,126,132,136,161,164,165,166,199,212,215,217,231,236,238,402,405,443
1,4,5,7,8,9,18,35,36,37,39,40,42,44,45,49,68,72,82,84,89,90,91,92,96,110,126,133,139,164,175,187,205,210,231,293,325,328,368,391
1,4,5,7,8,9,35,36,37,39,40,42,44,45,49,68,72,74,82,84,87,89,90,91,92,126,128,136,166,184,210,274,296,392
1,5,7,8,9,18,27,35,36,42,45,72,73,82,84,87,89,90,91,92,126,134,157,166,305,307,340,420
1,3,4,5,8,9,13,18,23,35,36,37,39,40,42,44,45,53,68,72,73,74,84,87,89,90,91,92,96,110,126,128,133,136,157,159,170,188,213,217,232,313,330,389
1,4,5,7,8,10,12,35,36,37,39,42,45,49,67,70,72,84,89,90,91,93,101,126,128,159,164,167,171,184,188,190,205,213,293,489
5,8,9,36,42,45,82,84,92,100,126,405,442
1,5,7,8,9,10,35,36,38,42,45,72,73,77,82,84,85,87,90,91,92,93,126,132,133,134,157,159,184,188,293,296
1,5,8,35,36,39,42,51,72,74,84,89,90,91,92,121,126,127,128,133,134,164,170,184,187,188,217,255,293
1,4,5,7,8,9,21,35,37,42,45,84,87,89,90,91,92,110,126,127,128,157,164,170,184,187,188,210,213,236,271,293,389,449,492
1,4,5,7,8,9,13,17,18,22,35,36,37,39,40,42,44,45,72,74,84,87,89,90,91,92,93,126,139,164,184,188,205,213,242,271,368,441
1,5,7,8,9,13,35,36,37,39,42,45,49,74,82,84,85,89,90,92,93,100,113,126,127,157,165,166,170,177,187,188,212,225,231,243,255,269,286,288,305,307,405,408,434
1,5,7,8,9,16,18,35,36,39,42,45,68,72,74,82,84,85,89,90,92,100,126,127,128,134,157,166,188,210,212,221,231,253,281,305,307,405
1,5,7,8,9,13,16,18,23,35,36,37,39,40,42,44,45,61,72,73,74,84,87,89,90,91,92,98,110,126,128,136,157,170,171,184,188,203,213,215,223,227,231,232,271,306,396,401
1,4,5,7,8,9,13,35,36,37,39,40,42,45,49,72,73,84,87,89,91,92,93,110,126,128,129,139,146,157,164,166,171,184,187,205,213,231,236,242,318,347,353,359,489
1,5,7,8,9,13,18,31,35,36,37,39,42,45,49,68,72,73,74,84,87,89,90,91,92,110,113,121,126,127,128,133,134,136,157,164,165,166,170,184,188,196,213,217,253,265,276,294,305,307,312,351,382
1,4,5,7,8,9,35,37,42,45,73,84,87,89,90,91,92,96,126,128,134,157,164,187,195,198,210,213,262,271,274,293,306,392,492
1,4,5,7,8,9,10,11,13,16,22,35,36,37,39,42,44,45,46,59,67,68,72,73,74,82,84,85,87,90,91,92,93,99,102,105,108,124,125,126,128,133,151,159,161,165,168,171,178,184,185,206,210,220,223,231,237,293,448
1,4,5,7,8,9,35,36,37,39,42,45,46,49,68,72,73,74,84,85,87,91,92,93,102,108,109,123,125,126,128,152,159,161,184,188,189,206,214,215,217,231,237,266,293,448
1,3,4,5,7,8,9,18,25,35,42,46,49,57,61,84,87,90,91,92,98,110,126,131,146,157,164,184,187,210,213,271,293,296,467,492
1,4,8,35,36,37,39,42,72,84,85,87,89,90,91,92,126,128,157,159,166,188,231,489
1,5,7,8,9,35,36,37,39,40,42,44,45,68,72,73,82,84,87,89,90,91,92,93,126,132,133,134,164,188,205,273,293,315,359
1,4,5,7,8,9,13,18,35,36,37,39,42,44,45,46,72,73,74,84,87,90,91,92,110,126,128,134,139,157,166,171,184,187,188,210,213,242,246,260,265,271,329,336,343,349,375,391
1,4,5,7,8,35,36,39,42,45,54,68,72,82,84,87,89,91,92,93,110,116,126,128,129,131,133,157,164,166,184,205,339,366
1,4,5,7,8,9,10,32,35,36,37,39,42,44,45,46,49,61,68,72,84,85,92,93,100,126,159,164,166,212,217,237,405
1,4,5,7,8,9,22,35,36,37,39,42,44,45,46,68,72,74,82,84,85,92,93,100,102,105,126,128,166,171,188,209,212,213,231,237,405
1,4,5,7,8,9,35,37,39,42,45,49,61,84,87,89,90,91,92,126,127,157,164,187,255,271,286,468,492
1,3,4,5,7,8,9,10,13,28,35,36,37,39,42,45,48,54,63,68,70,72,73,74,78,83,84,87,89,90,91,92,93,102,116,122,124,126,128,129,133,134,138,157,159,160,163,167,169,171,184,188,204,210,217,231,234,293
1,4,5,7,8,13,35,36,37,39,42,45,46,49,68,72,73,74,82,84,85,90,92,113,123,126,128,134,139,157,164,165,166,171,179,181,188,212,231,306,353,405
1,4,5,7,8,9,13,21,25,35,36,39,40,42,44,45,57,61,72,78,84,85,87,89,90,91,92,93,116,126,128,134,136,139,146,157,164,165,166,169,181,184,188,194,195,205,231,241,262,318,339,359,366,489
1,4,5,8,9,10,22,36,37,41,42,44,45,46,49,65,68,72,74,84,85,89,90,92,93,96,100,102,105,125,126,157,159,164,188,212,217,237,405
1,4,5,7,8,9,25,35,36,39,42,45,68,72,84,89,91,92,93,110,126,131,157,164,184,205,210,217,236,254,293,347,359
1,4,5,7,8,9,35,36,37,39,40,42,44,45,68,72,73,84,85,87,89,90,92,97,100,126,166,170,212,217,232,270,405
1,4,5,7,8,9,10,13,18,21,28,29,35,36,37,38,39,42,44,45,46,49,53,57,63,70,72,73,74,84,85,87,89,91,92,93,96,101,102,107,110,124,126,128,130,131,134,139,157,159,166,171,188,190,199,205,213,231,234,235,237,242,255,263,489
1,4,5,7,8,9,13,25,35,36,37,39,40,42,45,61,68,72,74,84,89,90,91,92,110,115,126,133,157,162,164,165,184,187,205,210,217,231,246,293
1,3,4,7,8,9,18,22,35,36,42,44,45,49,53,68,72,73,84,85,89,90,92,93,100,128,134,157,161,166,171,184,187,213,321,360,394,490,499
1,2,4,5,7,8,9,16,35,36,37,39,40,42,45,49,72,74,84,87,89,91,92,93,99,110,126,128,157,166,171,187,213,223,231,238,489
1,4,5,7,8,9,10,35,36,37,39,40,42,45,68,72,82,84,87,89,90,91,92,93,126,128,133,162,164,184,187,293
1,4,5,7,8,9,18,21,35,36,39,42,45,61,72,82,84,89,90,91,93,110,111,126,128,133,134,157,162,164,184,188,205,210,250,254,293,442,478
1,4,5,7,8,9,33,35,36,37,40,42,44,45,49,62,65,72,82,84,85,87,89,90,91,93,102,103,124,126,128,131,133,152,157,158,159,164,166,171,172,185,190,205,208,234,237,282,314
1,5,7,8,9,13,14,22,35,36,37,42,45,53,68,72,74,82,84,89,92,126,128,170,212,213,232,256,386,390,394,395,405
1,4,5,7,8,9,10,18,35,36,37,39,40,42,44,45,61,68,72,82,84,87,89,90,91,92,93,126,131,139,150,157,164,170,188,205,210,231,250,335,476,483
1,3,4,5,7,8,9,35,36,37,39,40,42,45,49,72,73,82,84,87,89,90,91,92,126,128,157,161,164,166,170,171,184,187,215,231,296,380,391
1,4,5,7,8,9,15,35,36,37,38,39,40,42,45,49,63,72,73,82,84,87,89,91,92,93,101,102,110,113,116,126,128,131,134,149,157,159,164,166,171,184,193,205,210,217,229,248,385
1,5,7,8,9,13,14,18,35,36,37,42,45,72,74,84,89,90,92,100,110,124,126,128,134,212,213,270,271,384,405
1,4,5,7,8,18,35,36,37,39,42,57,67,72,82,84,87,91,92,93,110,126,133,231,235
1,4,5,7,8,9,35,36,37,39,40,42,44,45,49,53,68,72,73,84,85,89,92,100,107,126,128,161,188,212,217,231,394,399,402,405,439
1,3,5,7,8,9,35,36,37,39,40,42,44,45,68,72,84,87,89,90,91,92,93,102,105,126,128,135,141,151,159,164,165,171,188,200,209,210,217,232,237
1,3,5,7,8,9,16,22,23,36,37,38,40,42,44,45,52,53,68,72,73,74,82,84,85,89,90,92,97,126,128,165,170,171,187,188,212,215,223,383,401,405
1,4,5,7,8,9,13,21,35,36,39,40,42,44,45,72,84,87,89,90,91,92,110,126,128,133,134,139,157,164,184,187,188,205,217,238,242,293,328,351,368,375,391,475
1,4,5,7,8,9,18,35,39,42,45,84,87,89,90,91,92,96,110,126,127,128,131,134,157,164,184,205,210,213,271,305,449,457,462,466,492
1,5,7,8,9,35,36,37,39,40,42,44,84,87,89,90,91,103,110,114,126,128,157,164,166,184,187,188,213,231,238,271,475
1,4,5,7,8,9,18,35,36,37,39,40,42,45,72,74,84,87,89,90,91,92,93,110,113,126,134,157,184,187,188,261,293,368,489
1,4,5,8,9,10,35,36,37,39,42,45,68,72,82,84,87,89,91,92,96,101,113,126,133,157,159,166,184,195,213,231,262
1,5,7,8,9,13,28,35,36,39,42,44,45,52,73,84,85,89,90,100,110,127,128,136,157,164,170,171,173,184,187,188,212,231,313,405,490,499
1,4,5,7,8,9,18,35,36,37,42,73,84,87,89,90,91,92,110,126,128,134,157,164,166,184,187,188,202,213,231,386,394,489
1,5,8,9,35,36,37,39,40,42,44,45,72,84,85,87,89,90,91,92,93,103,126,128,132,136,139,157,164,171,172,184,187,213,242,271,283,292,306,331,353
1,4,5,7,8,9,13,18,23,35,36,37,39,40,42,44,45,49,53,68,72,73,84,85,89,90,92,98,100,126,128,136,159,164,170,171,188,212,217,236,244,256,306,313,349,391,394,396,405
1,4,5,7,8,9,10,13,15,18,35,36,37,42,45,68,72,73,74,82,84,85,87,89,90,92,96,100,102,105,110,122,126,128,134,157,159,164,166,184,188,189,193,194,212,231,237,288,405
1,4,5,8,9,10,35,36,37,39,40,42,44,45,46,49,68,72,84,89,90,92,100,110,119,126,128,130,131,134,157,162,164,205,213,217,238,242,368,405,475,487
1,5,7,8,9,13,35,36,39,40,42,44,45,49,72,74,84,87,89,90,91,110,126,133,134,166,171,184,187,188,217,238,266,270,319,334,354,368
1,4,5,7,8,9,35,36,39,40,42,45,49,68,72,73,82,84,91,92,126,128,133,134,157,164,181,184,213,242,280,324
1,3,5,8,35,36,39,42,45,62,65,84,89,90,91,92,107,126,128,131,133,157,158,164,170,187,205,217,253,290,298,305
1,4,5,7,8,9,35,36,42,68,72,82,84,85,92,93,100,102,110,126,128,164,166,212,213,246,265,303,319,339,359,405
1,4,5,7,8,9,21,25,35,36,39,40,42,45,72,73,74,82,84,87,89,90,91,92,100,102,110,126,133,134,139,171,180,181,184,205,210,236,255,265,293,296,427
1,4,5,8,9,13,35,36,37,39,40,42,73,84,87,89,90,91,92,93,110,126,128,134,157,166,170,171,188,231,238,265,296,310,321,368,489
1,4,5,7,8,9,13,35,36,37,39,40,42,45,68,72,73,82,84,85,87,89,90,91,92,93,126,133,157,164,171,187,188
1,3,4,5,7,8,9,18,35,36,37,39,40,42,44,45,49,72,82,84,87,89,90,91,92,126,131,132,157,164,171,184,187,199,210,231,236,238,274,293,313,389,392,441
1,4,5,7,8,9,10,18,35,36,37,39,41,42,44,45,46,49,68,72,74,84,85,87,89,91,92,93,94,96,102,105,125,126,128,157,159,166,168,171,188,210,217,293
1,4,5,7,8,9,13,35,36,37,42,45,68,72,74,84,85,89,90,92,100,157,170,171,187,188,196,212,231,288,490,499
1,4,5,7,8,9,35,36,37,39,40,42,44,45,46,49,51,61,62,63,68,72,73,84,87,89,90,91,92,93,96,102,103,126,155,157,159,164,171,184,187,217,231,293
1,4,7,8,9,17,35,36,37,39,42,44,63,68,72,73,74,84,85,92,93,96,100,102,118,126,159,165,166,171,176,177,196,217,231,237,393,405
1,5,7,8,18,35,36,37,39,42,44,45,49,57,74,82,84,87,89,90,91,99,126,127,128,136,157,170,171,173,187,188,205,244,255,257,265,286,291,296,305,307,319,343,384
1,4,5,7,8,9,13,35,36,37,39,42,45,68,72,74,82,84,89,90,91,92,93,126,127,128,133,134,136,164,170,171,187,188,210,293,305,449,466
1,5,7,8,9,35,36,39,42,45,46,49,74,84,89,100,159,166,170,171,231,333,405,490,499
1,4,5,7,8,9,13,22,35,36,37,39,40,42,45,49,72,82,84,87,89,90,91,92,110,126,162,164,187,238,293,368,391
1,4,5,7,8,9,14,16,35,36,37,42,44,46,68,72,84,85,92,93,100,105,126,145,166,183,188,193,212,217,405
1,4,5,7,8,9,21,25,35,36,37,39,40,42,44,72,84,87,89,90,91,92,110,126,128,131,157,164,171,188,205,213,254,318,347,359,364,489
1,5,7,8,9,13,18,25,35,36,42,44,45,68,72,73,80,82,84,85,89,90,92,93,100,126,127,128,134,136,157,166,170,184,212,231,255,305,307,405,412
1,5,7,8,9,25,35,37,39,40,42,44,45,73,84,89,90,91,92,93,96,110,126,157,164,184,188,205,210,238,250,271,479,492
1,4,5,7,8,9,35,36,37,39,42,45,49,72,74,82,84,89,91,92,93,113,126,127,128,131,134,157,158,164,180,184,205,210,213,290,293,298,305,356,431,432,449,466,467,468
1,4,5,7,8,9,13,25,35,36,37,39,42,45,72,74,82,84,87,89,90,91,92,110,113,116,126,133,157,164,169,181,184,188,210,213,231,262,309,318,339,359,366
1,4,5,7,8,9,13,18,35,36,37,39,40,42,44,45,49,72,73,74,84,87,89,90,91,92,93,110,126,128,157,161,166,171,184,187,188,213,215,231,271,296,392,402,443
1,5,7,8,9,10,13,35,36,37,39,42,44,45,49,68,72,73,82,84,85,87,92,93,100,102,110,126,128,134,141,143,146,157,159,166,171,184,188,195,198,212,213,217,231,234,306,331,346,405
1,2,4,5,7,8,9,18,22,35,36,37,39,40,42,44,45,53,59,73,84,87,89,90,91,92,93,110,126,128,134,148,157,161,164,166,170,175,177,187,188,215,227,281,285,296,306,386,394,489
1,4,5,8,9,35,36,37,39,40,42,44,45,84,87,89,90,91,92,103,110,126,128,131,139,157,164,171,184,205,238,242,271,370,372
1,4,5,7,8,9,31,35,36,37,39,40,42,44,45,49,68,72,73,84,87,89,90,91,92,126,139,162,164,170,175,187,188,217,242,293
1,4,5,7,8,9,13,18,35,36,37,39,40,42,44,45,49,72,73,84,87,89,91,92,93,110,126,128,134,157,164,171,187,188,210,213,293,489
1,4,5,9,35,36,42,72,84,91,92,126,247,252,264,271
1,5,7,8,9,13,35,36,37,39,42,45,72,73,74,84,85,87,89,90,91,92,110,113,126,127,134,136,164,166,171,188,213,231,253,255,271,291,307,335,414
1,3,4,5,7,8,9,10,35,36,37,39,42,44,45,46,49,63,67,68,70,72,73,74,84,85,91,92,93,102,105,126,133,152,171,184,188,213,217,231,237,293,313
1,4,5,7,8,9,10,18,35,36,37,39,42,45,49,68,72,73,74,78,82,84,87,89,90,91,92,93,126,127,133,157,164,170,184,205,213,305,389,418,431,449,452,453,467,468,495
1,4,5,7,8,35,36,37,39,42,45,49,68,72,74,82,84,85,87,91,92,96,126,127,133,161,170,184,188,210,237,293,305,321
1,4,5,7,8,10,35,36,37,42,45,46,49,67,68,70,72,74,82,84,85,92,96,100,126,128,166,188,189,213,231,237
1,4,5,7,8,9,35,36,37,39,42,45,56,57,72,74,84,87,89,91,92,93,101,102,110,126,128,131,157,159,164,166,171,184,188,196,198,205,228,499
1,3,4,5,7,8,9,13,17,18,23,35,36,37,40,42,44,45,53,72,73,74,84,89,90,92,93,100,107,110,123,126,128,134,139,150,157,166,170,171,184,187,188,197,212,213,215,231,322,369,385,386,401,405,489
1,5,7,8,9,13,18,35,36,37,39,42,45,49,68,72,74,82,84,85,87,89,90,91,92,126,127,128,133,157,166,184,187,213,255,414,422
1,4,5,7,8,9,10,14,17,18,22,24,34,35,36,37,39,42,45,46,49,54,62,67,68,70,72,73,74,76,82,84,87,89,90,91,92,93,102,105,109,110,116,126,128,133,138,144,157,159,164,166,171,173,177,188,189,193,202,210,225,237,243,267,288,354,362
1,3,5,7,8,9,18,35,37,39,40,42,44,45,84,87,89,91,92,110,126,128,132,134,161,170,171,187,188,199,210,215,231,256,271,293,492
1,4,5,8,13,35,36,37,40,42,44,45,52,73,84,87,89,90,91,92,113,126,128,136,157,165,166,170,171,188,232,369,489
1,4,5,7,8,9,10,18,32,35,36,37,39,40,42,44,45,48,49,57,72,73,74,84,85,87,89,90,91,92,93,96,101,102,108,122,126,131,136,157,159,161,164,165,166,171,184,215,237,489
1,5,7,8,9,13,17,23,35,36,37,39,40,42,45,49,53,68,72,73,74,82,84,87,89,90,91,92,105,110,126,128,133,134,161,164,166,171,184,188,210,213,231,236,396
1,5,7,8,9,18,21,25,35,36,37,39,42,45,68,72,74,78,82,84,85,87,89,90,91,92,126,127,128,133,134,146,157,164,166,170,171,184,188,210,213,231,238,241,253,255,306,307
1,3,4,5,8,9,10,35,36,37,38,39,42,44,45,49,58,63,67,72,74,77,83,84,85,87,89,91,92,93,96,102,110,126,131,133,139,144,155,157,159,164,171,175,184,189,205,210,213,217,235
1,4,5,7,8,9,21,25,35,36,39,40,42,45,58,68,72,84,87,89,91,92,93,126,131,133,134,139,146,157,164,166,194,205,213,217,242,265
1,4,5,7,8,9,18,33,35,36,37,39,42,45,57,72,74,84,85,87,89,91,92,96,111,113,126,128,131,134,146,157,161,164,184,187,188,194,202,210,213,217,274,293,392
1,4,5,7,8,35,36,37,39,40,42,44,72,84,87,89,90,91,92,105,126,166,271,389,391,440
1,4,5,7,8,9,35,36,37,39,42,45,49,52,68,72,73,81,82,84,85,87,89,90,92,107,126,128,134,136,157,161,170,184,187,212,231,253,305,307,360,383,405,426
1,4,5,7,8,9,22,35,36,37,42,45,49,68,72,84,89,90,91,92,105,126,157,187,198,217,382,392
1,7,8,9,13,35,36,37,42,44,45,68,72,73,82,84,85,92,93,100,102,105,126,128,157,166,171,215,231,232,237
1,4,5,7,8,9,18,30,35,36,37,39,40,42,44,45,46,49,72,74,82,84,87,89,90,91,92,97,110,126,128,133,139,157,164,166,171,184,187,188,205,210,213,328,485
1,3,4,5,7,8,9,13,18,23,36,37,39,40,42,44,45,49,53,68,72,73,74,82,84,87,89,91,92,93,110,113,126,128,133,134,136,157,161,164,170,187,188,210,213,229,231,293,386,393
1,4,5,7,8,9,13,35,36,37,39,40,42,44,45,72,74,84,89,91,92,110,126,128,136,171,187,188,213,232,293,369,489
1,4,5,7,8,9,35,36,37,39,40,42,44,45,68,72,82,84,89,90,91,92,110,126,128,143,159,161,164,165,170,205,210,236,238,368,391
1,4,5,8,9,22,35,36,37,39,42,45,68,72,73,82,84,87,89,90,91,92,93,105,126,127,128,132,133,136,164,170,171,173,184,187,213,273,305,354,381,389,418,449,464
1,4,5,7,8,9,18,35,37,40,42,44,49,54,57,74,82,84,87,89,91,92,126,128,134,138,157,159,171,184,188,191,193,276,284,337,489,492
1,4,5,7,8,9,13,35,36,37,39,40,42,45,68,72,73,74,84,85,87,89,90,91,92,126,133,157,164,166,171,177,184,187,188,213,217,293,320,353,364
1,5,7,8,9,18,35,36,37,39,42,44,45,68,84,85,89,90,92,100,126,127,128,134,136,164,166,171,212,213,217,246,255,288,307,405
1,4,5,7,8,13,35,37,42,44,45,74,84,87,89,90,91,92,126,157,162,164,187,271,293,492
1,4,5,7,8,9,13,15,16,18,22,35,36,37,39,42,44,45,46,49,63,67,70,72,74,84,87,89,90,91,92,93,96,102,105,110,126,128,133,134,159,171,184,188,196,210,213,217,231,232,237,293
1,5,7,8,9,31,35,36,39,42,45,52,68,72,74,78,84,89,90,91,92,126,127,136,150,157,170,184,188,217,243,251,253,266,267,269,286,288,293,305,307,338,370,407
1,4,5,7,8,9,13,35,36,37,39,42,45,68,72,82,84,89,92,93,100,126,136,157,164,166,171,184,188,212,228,305,389,405,453
1,4,5,7,8,9,35,36,37,39,42,45,68,72,73,82,84,87,89,90,91,92,113,126,128,131,133,139,157,164,188,205,242,293
1,4,5,7,8,9,13,18,35,36,39,42,44,45,46,49,68,72,73,74,82,84,85,92,93,100,110,113,126,128,157,164,166,171,184,187,188,205,212,213,231,276,318,372,405
1,3,5,7,8,9,22,35,36,37,42,45,53,68,72,73,74,82,84,85,92,100,107,126,128,157,161,166,170,171,212,250,369,386,390,396,405
1,4,5,7,8,11,18,35,36,37,39,40,42,44,45,57,70,72,73,84,85,92,93,96,100,102,110,126,128,136,159,184,188,212,213,231,235,237,271
1,4,5,7,8,9,31,35,36,37,39,42,45,49,72,73,74,78,84,87,89,90,91,92,98,126,128,134,157,164,166,170,184,188,210,213,271,296,376,432,449,462,468
1,3,4,5,6,7,8,9,10,29,33,35,36,37,39,42,45,53,61,72,78,84,87,89,90,91,92,98,126,128,134,139,145,146,150,157,164,169,180,181,188,192,205,210,213,237,244,248,293,386,392,401,489
1,4,5,7,8,9,13,18,22,35,36,37,39,40,42,44,45,53,68,72,74,84,85,89,90,91,92,97,110,126,133,188,217,248,270,274,369,389,391,496
1,4,5,7,8,9,35,36,37,39,42,45,68,72,84,85,89,90,91,92,110,126,128,133,134,139,157,164,165,169,201,210,215,217,274,293
1,4,5,7,8,9,11,13,18,35,36,37,39,42,45,49,73,74,84,87,89,91,92,126,128,134,139,157,164,171,181,187,205,210,213,255,296,356,489
1,4,5,7,8,35,36,37,42,45,49,68,72,74,82,84,85,90,92,100,110,126,128,134,157,166,171,184,187,212,213,231,359,405
1,4,5,7,8,9,35,36,37,39,40,42,45,60,72,82,84,87,89,90,91,92,126,131,134,162,164,171,187,205,231,293,488
1,4,5,7,8,9,10,31,35,36,37,39,40,42,44,45,72,84,87,89,90,91,92,93,126,128,131,157,164,187,205,217,238,293,368,475,477,478
1,5,7,8,9,18,25,35,36,37,39,42,45,49,72,82,84,85,89,90,91,92,98,113,126,127,131,133,134,136,157,164,169,171,184,187,194,195,205,213,293,305,307,341,432
1,4,5,7,8,9,13,18,33,35,36,37,42,45,49,68,72,73,82,84,87,89,90,91,92,110,116,126,128,131,133,134,146,157,158,164,166,194,205,210,213,231,254,296,309,318,359
1,4,5,7,8,9,35,36,37,39,40,42,44,45,61,68,72,73,74,84,89,90,91,92,93,126,139,164,184,187,188,205,217,242,293,368
1,5,7,8,9,13,18,35,36,37,39,42,45,49,57,68,72,73,82,84,85,87,89,90,91,92,126,127,128,133,134,136,157,164,166,173,184,187,188,210,250,253,255,265,285,291,305,307,340,414,433
1,4,5,7,8,9,13,35,36,37,39,40,42,44,45,72,74,84,87,89,90,91,92,93,103,110,126,128,139,157,164,181,184,187,188,205,242,271,292,351
1,4,5,7,8,9,13,28,35,36,37,38,39,40,42,45,46,49,72,73,74,77,84,85,87,89,90,91,92,102,110,126,128,134,148,157,164,190,213,217,235,293
1,5,7,8,9,35,36,37,39,42,45,68,82,84,87,89,90,91,126,127,131,133,158,164,170,250,253,255,305,307,414,430
1,4,5,7,8,9,13,18,21,25,35,36,37,39,40,42,45,49,68,72,74,78,82,84,87,89,91,92,113,126,131,133,134,157,158,164,173,184,187,210,213,293,335,382,392,393
1,3,5,7,8,9,13,18,22,23,35,36,37,39,42,45,52,72,73,74,84,89,90,92,93,98,100,109,126,128,139,157,161,186,187,188,212,213,215,237,242,285,405,489
1,3,5,8,9,23,35,36,37,39,40,42,45,46,53,73,84,87,89,90,91,111,124,126,133,165,170,188,217,220,232,281,386,394,402
1,4,5,7,8,13,35,36,37,39,42,45,49,72,73,78,82,84,87,89,90,91,92,126,157,184,187,213,293,468
1,4,7,8,10,35,36,37,39,42,44,46,64,68,72,84,89,90,91,92,105,126,133,157,159,176,177,217,237,293
1,4,5,7,8,9,13,35,36,37,39,42,45,46,47,68,72,82,84,89,90,91,92,93,126,133,157,164,205,213,231,353
1,4,7,8,9,10,13,22,35,37,39,42,45,48,68,72,73,74,82,84,87,89,90,91,92,93,97,105,116,118,126,131,132,133,134,144,157,164,166,194,198,205,210,214,231,235
1,5,7,8,9,36,37,42,45,74,84,87,89,90,91,110,126,127,166,188,255,489
1,5,7,8,9,25,35,36,37,40,42,44,45,49,74,84,89,90,91,92,110,126,128,139,157,164,171,184,187,188,205,210,213,242,271,293,296,335,477,478
1,2,5,7,8,9,13,21,25,35,36,37,39,42,45,53,72,84,87,89,90,91,92,121,126,127,133,136,157,170,173,184,187,203,215,217,231,238,246,250,253,255,258,267,269,286,293,297,303,305,307,319,349,369,414,436,460
1,5,8,13,25,37,42,44,45,46,74,82,84,100,126,157,166,188,213,368,402,405
1,5,7,8,9,35,36,37,39,42,45,68,72,82,84,85,89,90,91,92,113,121,126,127,131,133,134,136,157,162,164,171,184,188,210,253,293,307,364,382,432,434
1,4,5,7,8,9,35,36,37,39,42,44,45,61,68,72,73,82,84,92,100,126,129,166,184,194,205,212,213,231,368,405,477
1,4,5,7,8,9,12,13,18,35,36,37,39,42,45,68,72,82,84,87,89,90,91,92,93,126,128,157,162,164,205,213
1,4,5,7,8,9,35,36,39,42,45,50,54,61,72,84,87,89,90,91,92,126,127,131,133,134,137,150,157,162,167,184,187,205,210,217,276,293,305,307
1,4,5,7,8,9,35,36,42,72,84,89,90,91,92,110,126,170,187,489
1,5,7,8,9,18,25,35,36,39,42,45,57,68,72,82,84,85,87,89,90,91,92,107,126,127,128,131,133,136,146,147,157,158,162,164,166,169,184,188,194,205,210,213,253,262,305,307,341,364,406,414,432
1,4,5,7,8,9,13,18,35,36,39,40,42,44,45,49,53,72,73,74,82,84,85,87,89,90,91,92,98,110,126,128,133,134,136,157,161,164,171,184,187,188,282,306,386,394
1,3,5,7,8,18,35,36,37,39,40,42,45,68,72,74,84,87,89,90,91,92,114,126,128,133,157,170,184,187,217,229,231,232,378,394,401
1,4,5,7,8,9,10,13,14,16,18,22,28,35,36,39,42,44,45,46,63,67,70,72,73,74,84,87,89,91,92,93,105,106,110,126,128,134,159,171,184,188,189,213,228,231,235,237,293,489
1,5,7,8,9,13,21,25,35,36,37,39,42,45,73,74,84,87,89,90,91,92,110,126,127,136,150,157,164,166,170,171,184,187,210,231,271,286,291,305
1,5,7,8,9,35,36,37,39,42,44,45,54,68,72,82,84,87,89,90,91,92,95,126,127,128,133,134,157,162,170,184,188,205,210,213,253,262,265,286,305,432
1,4,5,7,8,9,13,18,35,36,39,42,44,45,68,72,73,82,84,87,89,90,91,92,110,126,133,134,139,157,158,164,166,188,205,213,478
1,5,7,8,9,35,36,39,42,44,45,57,68,74,78,82,84,87,89,90,91,92,126,127,128,134,136,150,157,164,166,188,210,250,253,305,307,341,434
1,5,7,8,9,13,35,36,39,42,45,58,62,72,84,87,89,90,91,92,93,98,113,121,126,127,128,131,134,136,138,157,164,166,170,184,187,194,210,213,271,414
1,4,5,7,8,9,13,22,35,36,37,39,42,44,45,46,49,63,67,72,73,74,77,84,85,87,89,91,92,93,96,105,110,126,128,131,134,148,157,159,164,171,188,205,213,221,231,235,237,293,489
1,4,5,7,8,9,14,24,36,37,42,45,46,49,65,68,72,73,82,84,89,90,92,100,105,126,139,166,187,188,205,242,243,279,329,343,405,442
1,3,5,7,8,9,14,23,25,35,36,37,39,42,44,45,46,53,68,72,74,84,85,87,89,90,91,92,110,126,128,133,157,161,170,188,215,217,293,306,394,401
1,4,5,7,8,9,13,18,35,36,37,39,40,42,45,49,72,74,84,87,89,90,91,92,93,102,110,126,134,139,157,164,166,184,188,210,213,231,242,271,296,318,359
1,4,5,7,8,9,13,22,35,36,37,39,42,45,68,72,73,74,84,85,89,90,92,97,100,105,126,127,128,134,157,166,171,184,187,188,212,213,217,231,237,305,389,405,449
1,4,7,8,9,13,18,35,36,37,39,40,42,45,49,57,72,74,82,84,85,87,91,92,126,128,133,157,164,166,187,205,210,213
1,4,5,7,8,9,13,35,36,37,39,42,45,49,53,68,72,74,84,89,91,92,96,126,128,133,161,171,184,188,213,215,217,231
1,4,5,7,8,35,36,37,39,42,44,46,53,68,72,73,74,84,92,100,102,105,126,128,157,159,171,188,212,213,217,231,237,405
1,4,5,7,8,9,35,37,39,40,42,45,84,87,89,90,91,92,126,164,187,188,231,271,293,306,492
1,4,5,7,8,9,13,35,36,37,39,40,42,44,45,49,72,74,82,84,87,89,90,91,92,96,99,110,120,126,128,131,134,157,164,170,171,175,181,184,187,188,213,231,274,296,300,382,392,447,472
1,4,5,7,8,9,13,18,35,36,37,39,42,45,57,63,67,72,73,84,87,89,90,91,92,93,96,101,126,128,134,157,159,164,166,171,184,210,213,231,235,271,335
1,5,7,8,9,13,35,36,37,42,45,72,74,84,85,89,90,92,93,100,126,166,170,171,187,188,212,217,305,357,405,422,426
1,5,7,8,9,35,36,39,40,42,45,68,72,73,84,87,91,92,110,126,128,133,166,187,215,217,238,306
1,3,5,8,9,23,35,36,39,40,42,45,68,72,74,84,87,89,90,91,92,128,184,188,237,293,369,394,490,499
1,3,4,5,8,9,22,35,36,37,39,40,42,45,49,53,68,72,84,87,89,90,91,92,126,128,133,170,188,217,232,293
1,4,5,7,8,9,11,35,36,40,42,45,72,73,74,82,84,87,89,90,92,95,100,102,126,131,134,139,157,164,166,184,205,213,236,335,367,405
1,5,7,8,9,18,36,37,42,45,68,72,73,82,84,87,89,90,91,92,126,127,134,150,157,166,187,188,213,253,255,305,307,348,432
1,3,4,5,7,8,9,18,35,37,39,40,42,44,45,84,89,90,91,92,110,126,128,132,134,136,164,170,171,187,193,210,213,271,274,293,306,372,382,492
1,4,5,7,8,18,35,36,39,40,42,44,45,53,72,84,87,89,90,91,92,111,126,128,157,171,188,271,368,496
1,4,5,7,8,9,13,18,35,36,37,39,40,42,44,45,49,68,72,82,84,87,89,90,91,92,93,110,126,128,131,133,134,157,164,166,184,188,205,210,213,254,296,353,359
1,9,42,91,127,295,489
1,4,5,7,8,9,10,13,17,22,35,36,38,39,42,45,46,58,68,72,73,76,78,82,84,89,90,92,93,100,102,105,122,126,148,165,166,167,210,212,231,405
1,4,7,8,9,10,35,36,37,39,42,46,68,72,84,85,87,89,90,91,92,102,115,126,128,133,157,165,171,183,190,215,217,293
1,4,5,7,8,9,13,35,36,37,39,42,45,49,72,74,82,84,89,90,91,92,126,127,157,164,166,184,187,213,305,449,451,453,456
1,4,5,8,9,35,36,39,42,84,87,89,91,92,93,126,127,128,157,164,187,188,205,248,255,489
1,4,5,7,8,9,13,35,36,39,42,45,49,68,72,82,84,85,92,100,104,126,127,128,134,136,157,164,166,184,187,212,255,405,449,452,457
1,5,7,8,9,13,35,36,39,40,42,45,49,72,73,74,84,92,100,128,139,177,187,212,213,217,405
1,3,4,5,7,8,9,13,35,36,37,39,40,42,45,46,68,72,73,74,82,84,85,87,89,90,91,92,113,126,128,133,157,166,170,171,184,187,188,201,215,231,274,392
1,4,5,7,8,13,35,36,42,45,68,72,82,84,85,89,90,92,93,100,126,188,405
1,4,5,7,8,9,10,15,28,35,36,37,39,40,42,45,46,68,70,72,73,74,78,82,84,85,87,89,90,91,92,93,96,101,102,111,126,128,131,133,148,157,161,164,167,183,184,188,210,213,237,293
1,4,5,7,8,9,33,35,36,37,39,40,42,45,49,72,73,74,78,81,84,87,89,90,91,92,110,126,128,131,134,136,157,164,166,184,187,188,205,210,213,334,337,489
1,5,7,8,9,13,18,35,36,37,39,40,42,44,45,72,73,74,84,87,89,90,91,92,93,126,128,139,157,164,184,187,188,213,231,271,328
1,3,5,7,8,9,23,35,36,37,40,42,52,72,73,74,84,85,92,100,107,126,128,166,171,187,188,199,212,213,232,237,242,389,396,402,405,489
1,4,5,7,8,9,13,28,35,36,37,39,40,42,45,49,68,72,73,74,84,87,89,91,92,93,126,128,133,136,157,164,184,187,188,210,217,293,339,366
1,4,5,8,9,18,35,36,42,45,68,72,84,87,89,91,92,93,95,102,126,133,134,171,217,293
1,3,5,7,8,9,13,35,36,37,39,40,42,45,49,68,72,84,87,89,90,91,92,110,126,128,136,166,170,171,184,217,231,306,396,401
1,3,4,5,7,8,9,35,36,37,39,40,42,45,49,53,72,73,74,81,82,84,87,89,90,91,92,110,126,128,133,157,164,166,170,171,184,187,210,223,242,274,390,470
1,4,5,7,8,9,10,13,18,25,35,36,37,42,45,49,54,56,72,73,84,89,91,92,110,126,133,157,164,167,205,210,214,217,293
1,4,5,7,8,9,10,16,29,35,36,39,40,41,42,43,44,45,49,53,65,68,72,74,84,85,92,93,96,100,101,102,107,119,122,125,126,128,131,157,159,164,171,188,193,205,212,213,217,232,235,312
1,4,5,7,35,36,37,39,40,42,44,45,61,68,72,82,91,92,126,134,164,293
1,4,5,7,8,9,35,36,39,40,42,44,45,46,49,72,84,92,100,128,184,231,328,349,368,405,490,499
1,4,5,7,8,9,35,36,37,39,40,42,44,45,49,68,72,73,74,82,84,87,89,90,91,92,126,161,166,170,389,399
1,4,5,7,8,9,35,36,37,39,40,42,45,49,53,68,72,84,85,87,89,90,91,92,126,170,187,217,248,371
1,5,7,8,18,35,36,37,39,40,42,44,68,72,74,84,87,89,90,91,92,126,128,133,139,161,162,166,170,171,188,205,217,238,270,321,328
1,4,5,7,8,9,22,35,36,37,39,40,42,45,46,49,68,72,74,84,91,92,126,133,157,170,187,188,197,217,231,274,293
1,5,7,8,9,35,36,42,53,72,73,84,87,89,91,92,126,217
1,4,5,7,8,9,35,36,39,40,42,44,45,49,68,72,82,84,87,89,90,91,92,126,128,139,157,164,242
1,4,5,8,13,35,36,37,39,40,42,49,52,53,68,82,84,87,89,90,91,92,110,126,128,133,170,171,210,306
1,5,7,8,9,33,35,36,37,39,42,45,54,57,58,71,72,73,74,84,87,89,90,91,92,113,116,126,128,133,157,162,167,188,193,194,205,210,217,231,253,291,293,305,307,340,414,431
1,4,5,7,8,9,35,36,37,40,42,45,49,68,72,73,82,84,87,89,90,91,92,126,164,166,171,187,231,232
1,3,5,7,8,9,10,16,18,22,35,36,37,42,44,45,46,65,68,72,74,84,85,92,99,100,102,105,110,126,132,159,166,171,177,186,188,212,217,221,237,405
1,4,5,7,8,9,13,35,36,39,42,45,49,72,73,82,84,87,91,92,126,128,129,133,157,164,184,187,192,213,222,238,255,290,293,296,305,389,414,449,451,452,453,457
1,4,5,7,8,9,10,35,36,37,39,42,45,49,57,61,68,72,74,78,82,84,87,89,90,91,92,126,127,128,129,131,133,134,157,164,166,169,170,184,187,194,205,210,213,305,389,421,431,432,449,462,466,467,468
1,4,5,7,8,9,13,18,35,36,39,40,42,44,45,49,72,74,82,84,87,89,91,92,126,133,164,166,170,177,188,210,225,231,243,288,338,397
1,4,5,7,8,9,13,35,36,37,39,42,45,72,73,74,82,84,87,89,90,91,92,126,128,139,157,164,171,187,242,293,368,475
1,4,5,7,8,9,25,35,36,37,39,42,45,72,74,84,87,89,90,91,92,93,121,126,127,131,133,134,139,157,164,168,170,205,213,217,290,341,414
1,4,5,7,8,9,10,13,22,25,28,34,35,36,37,39,40,42,44,45,46,49,57,72,73,74,84,85,87,89,90,91,92,93,96,99,101,102,105,110,126,128,134,144,157,159,164,165,166,170,171,184,188,189,198,213,215,221,231,235,237,271,296
1,5,7,8,9,10,14,18,34,35,36,37,39,42,44,45,49,72,73,74,84,87,89,91,92,93,102,105,110,126,128,132,133,134,157,159,171,188,213,217,223,231,237,293,296
1,4,5,7,8,9,13,35,36,37,40,42,44,45,49,68,72,73,74,82,84,89,90,92,100,126,128,139,166,187,188,212,213,231,349,361,368,381,391,405
1,5,7,8,9,35,39,40,42,44,84,87,88,89,90,91,92,110,126,128,134,139,171,173,184,187,188,293,368,489
1,4,5,7,8,9,35,36,37,39,42,45,72,73,84,87,89,90,91,92,93,110,126,127,134,157,164,166,175,184,187,205,210,231,238,271,449,451,452,456,468
1,4,5,7,8,13,35,36,37,39,40,42,44,45,49,72,82,84,87,89,90,91,92,96,110,126,128,133,139,157,164,166,184,187,188,205,210,242,328,368,391
1,5,7,8,9,18,35,36,37,39,40,42,44,45,72,84,91,92,96,126,128,130,136,139,157,187,217,238,242,293,328,370,391,445
1,4,5,7,8,9,35,36,37,39,40,42,44,45,49,61,68,72,73,84,87,89,90,91,92,93,107,110,126,131,133,136,146,157,161,164,165,175,184,187,188,205,217,238,261,265,266,314,328,362,484
1,4,5,7,8,9,10,18,35,36,39,42,44,45,68,72,82,84,87,89,91,92,93,102,105,126,128,134,157,159,166,168,184,210,231,237
1,4,5,7,8,9,13,18,21,35,36,37,42,45,46,49,56,63,68,72,73,74,78,81,82,84,89,90,92,100,105,110,126,128,144,157,159,164,166,171,188,189,205,212,231,237,405
1,4,5,7,8,9,21,35,36,37,39,40,42,44,45,72,74,84,85,87,89,90,91,92,103,110,126,157,170,171,205,238,244,271,312,313,362,476,487
1,2,5,7,8,9,21,25,35,36,37,39,42,45,49,54,72,73,74,82,84,85,87,89,90,91,92,98,107,110,113,126,127,128,129,131,133,134,136,146,150,157,158,164,173,184,187,194,195,205,210,213,253,257,293,305,307,414
1,4,5,7,8,9,13,35,36,37,39,40,42,44,45,49,68,72,73,74,84,87,89,90,91,92,99,110,126,128,133,170,171,187,188,210,213,217,231,232,285,293,336,389
1,5,7,8,9,18,35,36,39,42,45,49,51,54,57,72,78,84,87,89,90,91,92,113,126,127,133,157,162,164,171,184,187,210,217,231,253,293,305,307,382,408
1,5,7,8,9,15,16,18,22,35,36,37,39,40,42,44,45,46,49,63,68,72,74,82,84,85,89,90,92,93,96,100,126,128,134,157,159,166,171,212,213,231,232,235,237,405
1,4,5,7,8,9,18,35,36,37,39,42,45,72,73,74,84,89,90,92,96,100,126,128,134,157,161,184,187,212,213,215,217,231,237,369,382,386,396,401
1,4,5,7,8,9,18,35,36,37,39,40,42,44,45,49,52,72,73,74,81,82,84,85,87,89,90,91,92,93,102,114,126,128,133,134,136,139,157,164,171,177,184,187,188,210,231,242,265,270,276,293,306,320,328,338,345,347,365
1,4,5,7,8,9,13,35,36,37,39,40,42,45,68,72,84,89,90,92,93,126,128,171,184,187,188,212,217,391,405
1,4,5,7,8,9,13,21,25,36,37,39,40,42,44,45,49,72,73,74,84,85,86,87,89,90,91,92,93,95,110,126,128,134,139,146,157,164,166,171,172,173,177,184,205,210,213,225,231,242,254,341,489
1,4,5,7,8,9,13,35,36,37,39,40,42,44,45,72,73,84,85,87,91,92,93,110,126,128,134,157,164,166,171,187,188,194,205,210,213,489
1,4,5,7,8,9,35,36,39,42,45,68,72,73,84,85,87,90,91,92,93,100,128,133,157,164,166,184,187,210,213,305,389,449,452,467,490,499
1,5,8,9,10,13,35,36,37,39,40,42,45,68,72,74,84,89,90,92,100,119,126,184,188,205,217,231,405
1,4,5,7,8,9,21,25,35,36,37,39,42,45,49,68,72,73,84,87,89,91,92,93,96,126,127,128,133,134,136,157,164,166,170,184,187,188,205,210,213,217,231,293,305,449
1,5,7,8,9,21,35,36,42,44,45,68,72,84,87,89,90,91,92,93,95,126,127,133,134,136,157,205,217,253,255,293,307,364,406
1,3,5,7,8,9,35,36,37,39,40,42,45,53,72,74,84,85,89,90,92,100,126,128,170,187,188,212,313,394,499
1,4,5,7,8,9,18,29,33,35,37,42,45,54,84,87,89,90,91,92,93,96,98,116,126,127,128,131,136,143,157,158,164,184,187,188,190,195,205,210,213,236,252,262,271,293,296,452,462,466,467,468,492
1,4,5,8,9,35,36,37,42,45,49,68,72,74,84,85,92,100,107,188,212,213,231,237,405,490,499
1,4,5,7,8,9,21,35,36,37,39,40,42,44,45,61,68,72,84,87,89,90,91,92,97,107,110,121,126,128,131,133,134,137,139,157,162,164,184,205,211,213,217,231,242,293,294,328,370,475,478
1,3,5,7,8,18,23,35,36,37,39,40,42,45,49,68,72,84,87,89,90,91,92,126,161,170,187,217,231,232,300,306,369,401
1,4,5,7,8,9,18,35,36,37,39,40,42,44,45,68,72,74,82,84,87,89,90,91,92,93,110,126,128,134,157,164,166,170,171,184,188,205,210,213,231,238,329,368,381
1,5,7,8,9,18,31,35,36,37,39,40,42,45,49,72,74,84,87,89,90,91,92,107,110,126,128,139,157,166,171,187,188,213,242,489
1,5,7,8,9,25,35,36,37,39,42,45,54,68,74,78,84,85,89,90,91,92,121,126,127,131,133,134,136,146,150,157,158,164,166,187,210,213,217,255,291,307,364,414,434,454
1,4,5,7,8,9,10,35,36,37,39,42,45,59,67,68,72,73,74,84,85,87,89,90,91,92,93,102,105,126,133,157,159,166,188,189,210,217,237,501
1,4,5,8,9,13,22,35,36,37,39,40,42,44,45,49,68,72,74,82,84,88,89,90,92,96,126,128,133,164,170,171,232,296,321,389,392
1,3,4,5,7,8,9,13,18,35,36,37,39,40,42,45,49,53,68,72,73,74,84,87,89,90,91,92,110,126,128,133,134,157,161,170,188,217,231,293,378,386,394
1,5,7,8,9,14,18,23,35,36,37,39,42,45,49,72,73,74,84,85,87,90,91,92,93,96,110,126,127,136,157,161,164,166,174,184,187,205,213,236,271,296,306,389,421,432,449,452
1,3,4,5,7,8,9,35,36,37,39,40,42,44,45,49,62,68,72,73,74,84,87,89,91,92,126,128,132,133,139,157,170,184,187,188,217,237,238,296,443
1,4,5,7,8,9,35,36,39,42,45,49,56,68,72,73,84,87,89,91,92,93,113,126,128,133,157,159,166,184,188,217,237,293
1,4,5,7,8,9,15,25,35,37,39,42,44,45,48,56,62,63,73,74,84,87,89,90,91,92,102,126,128,131,134,138,159,164,171,184,188,205,213,231,293,312,349,489,492
1,4,5,7,8,9,10,15,22,35,36,37,39,42,44,45,46,49,67,68,72,73,74,84,85,92,93,100,102,105,126,157,159,166,171,184,188,196,213,217,221,231,237,405
1,5,7,8,9,18,35,36,37,39,40,42,45,72,74,84,87,89,90,92,126,128,134,149,157,164,170,187,205,210,250,255,261,265,292,321,465,478,489
1,5,8,18,35,36,39,40,42,44,45,72,84,87,89,90,91,92,126,128,132,133,157,161,164,171,187,210,213,215,217,293,306,389,472
1,5,7,8,9,22,35,36,37,39,40,42,44,45,49,68,72,74,77,84,87,89,90,91,92,126,128,132,133,136,161,164,170,193,213,217,293
1,4,5,7,8,9,35,36,37,39,40,42,44,45,49,72,74,84,87,89,90,91,92,126,128,139,159,164,165,171,188,205,207,217,238,242,293,368
1,4,5,7,8,9,13,18,35,36,37,39,40,42,44,45,49,68,72,73,74,82,84,89,90,92,100,110,126,136,157,166,170,188,205,212,328,368,405
1,4,5,8,37,42,68,92,245,247,252,293
1,3,5,8,9,13,23,35,36,37,40,42,45,49,53,68,72,82,84,85,92,100,126,134,170,212,232
1,4,5,7,8,9,22,35,36,37,39,40,42,44,45,68,72,82,84,87,89,90,91,92,105,126,128,131,134,139,159,166,170,173,188,213,238,321,443
1,5,7,8,9,13,18,35,36,37,39,42,45,49,72,73,74,84,85,87,89,90,91,92,126,127,128,134,136,139,157,164,171,173,188,242,255,257,291,293,307,489
1,3,5,8,9,13,17,23,35,36,37,40,42,45,46,53,59,68,72,74,82,84,85,92,93,100,126,128,139,166,170,188,212,213,231,391,394,396,402,405
1,4,5,7,8,13,35,36,37,39,42,45,49,68,72,82,84,89,90,92,100,126,128,134,157,166,170,187,212,231,237,401,405
1,4,5,7,8,9,21,35,36,37,39,40,42,45,68,72,73,82,84,87,89,90,91,92,93,95,102,113,121,126,128,133,134,139,157,158,164,166,173,184,188,205,213,250,316,320
1,5,7,8,9,35,36,37,39,42,45,65,68,72,74,84,85,89,90,92,100,126,127,128,136,164,166,184,187,212,217,231,253,255,258,288,405,414
1,5,7,8,9,35,36,37,39,40,42,44,45,74,84,85,87,89,90,91,92,93,107,110,126,128,134,157,161,164,166,170,187,188,205,210,213,259,271,296,360
1,5,7,8,9,21,25,35,36,39,40,42,44,45,61,84,87,91,92,110,113,126,127,133,134,136,139,157,159,184,205,213,217,236,254,268,293,335,442,474,478
1,4,5,8,35,37,39,40,42,44,45,61,68,73,74,82,84,87,89,90,91,92,126,128,133,134,175,188,238,269,361,381,391,441,488
1,4,5,7,8,9,13,35,36,37,39,42,45,46,56,65,67,68,72,84,86,91,92,93,102,105,108,126,128,134,159,176,183,217,243,288,293,409
1,4,5,7,8,9,35,36,37,39,40,42,44,74,87,89,90,91,92,110,126,128,134,139,157,164,205,231,271
1,4,5,7,8,9,13,18,23,29,35,36,37,39,40,42,45,53,61,72,74,78,82,84,85,87,89,90,91,92,126,128,157,166,188,190,197,213,259,269,281,320,351,394,402
1,3,4,5,7,8,9,13,18,35,36,37,39,40,42,44,45,49,68,72,73,74,84,87,89,91,92,93,126,128,134,166,170,171,213,217,231,232,236,371,389,392
