68,92,217
82,85
36,68,89,90,92,499
5,40,42,53,68,92,217
5,82,84
39,45,82,126
4,36,217
40,82,96
4,5,126,271
92
65,82,85,90,417
36,68,92,96,217,389
5,82
1,4,8,38,42,44,68,72,82,84,85,90,92,164,171,184,205
36,68,72,82,92
4,217
5,35,53,82
4,35,39,42,82
217,396
4,7,489
82
4,10,36,72,85,92,96,151,489
9,138,489
44,46,489
4,7,35,40,92,271
4,39,40,45,82,89,90,92,128
40,45,68,92,217
1,5,90,217
82
82
4,35,39,42,82,85,91,250
4,82,89,90,96
82
35,53,217
4,5,42,68,82,84,92,232
1,489
4,68,82,91,92,188,205
1,10,35,74,85,92,128,217
1,4,82,147,164
1,4,5,8,45,68,82,92
35,39,44,45,82
1,5,8,13,35,39,46,53,84,85,90,92,126,212,489
40,82,231,396
89
271
126,396,499
45,82,89,90
45,126
4,5,40,82,164
40,42,82,89,90,205
4,7,37,40,42,68,92,217
1,4,68,82,131
1,4,40,45,84,85,217,318,325,359
68
82,89
5,84,91,217
290
4,5,82,92,205
1,4,35,82,84,89,92,96,126
1,42,82,131,157,212
92,271
4,35,39,44,92,164,205,478,489
217
4,159,489
45,217
1,42,96,413,489
4,28,35,68,85,217
4,10,28,63,72,217,322
85,353,489
36,37,82,89,90
68,92,217
1,4,5,8,10,36,59,84,92,237,458,489
89,90,126,217
1,35,36,42,84,89,90,91,92,132,489
82,89,92,132,164
35,39,82,126
89,90,164,205,489
89,90,217
85,96,107,217
105
9,49,104
4,35,165,489
89,90,127,164,217,250
4,7,82,126,127
1,8,13,35,36,45,100,126,157,166,217,245,249,252
10,36,92,217
4,25,164,217
83
35,84,89,90,91,131,164,170,217
4,36,89,90,489
4,35,68,82,92
35,68,82,85,92,109,126
36,92,96,127,164,271
1,7,36,42,68,92,96,100,171,217
4,35,39,45,82,89,164
1,4,35,68,82,89,92
10,68,72,92,93,217
39,217
8,74,82,84,91
4,5,8,68,72,82,89,92,212,405
4,7,10,15,35,36,39,40,92,131,217
36,92
8,42,53,90,217
42,45,68,82,92
42,45,82,89,205
35,39,84,89,90,127,271,307
1,5,205,271
217
4,217
5,205,217
1,4,5,25,35,40,45,82,188
4,36,49,68,89,90,92,217,458
4,42,82,89,131
96,217
8,87,91,92,126,159,499
36
1,4,84,91,164,217
5
9
7,10,15,36,72,83,92,96,131,271
1,4,10,15,36,84,92,489
40,68,89,490,499
4,82,245,261
82,92,164,174
5,85,164,217
5,36,82,92
1,4,36,82,87,89,90,91,92
1,164,271
1,5,8,36,37,42,89,92,171,212,489
90,127,489
1,4,68,93,217
4,92
4,35,36,68,82,90,92,213
4,35,68,72,85,92,93,217
4,84,271
82,242
4,5,37,40,42,45,68,89,126,217
36,92,489
1,8,35,164,271
5,44,45,72,84,92,217
1,28,36,217
89
36,489
82,126,127
42,45,82,89
40,53,90,126,489
217,449
113,126,271,290
40,68,89,90,92,217
9,68,82,92
5,36,68,72,82,85,92
1,44,68,72,92,96
4,5,92,184,271
36,37,90,100,126,217
90,271
13
1,36,65,92
4,5,217,389
10,68,92,217,473
1,199
68,92
1,5,84,107,127,134,195,489
489
271
10,168,217
4,92,100,126,217
36,42,85,89,90,92,271
5,36,40,162,499
4,42,85,89,499
4,8,42,45,82,92,171,210
5
1,4,35,40,154,164,205,328,499
271
68,82,89,90,92
1,5,217,306
4,35,39,85,91,164,489
1,4,5,35,84,217
10,90,91,217
4,126,164,489
4,7,10,36,62,89,92,93,107,165,217
1,36,42,82,89,330
82,158
4,5,8,9,35,36,40,42,68,89,92,177,389,490,499
4,36,82,85,164
4,10,36,68,82,85,92,93
4,5,127,489
4,35,36,37,87,92,125,126,171,217
35,45,217
1,4,5,36,68,114,126,217,269
7,85,89,90,92,217
36
4,25,40,85,126,353,489
35,39,45,68,82,89,92,132
4,5,82,95,139
36,39,44,68,72,87,89,92,126,128,217
1,4,42,68,92,127,217
489
4,5
4,40,45,82,245
68
92,499
4,36,45,82,85,107,263
1,4,21,40,42,72,89,90,100,134,212,215,217
1,4,7,10,35,36,63,68,72,82,87,92,126
36,68,82,92,171
4,68,82,84,157,159,212
40,82,126
4,7,36,89,96,126,217
4,36,68,89,92,217
1,42,82,90,107
1,4,40,42,45,82,84,90,126,164
10,68,217
4,5,82,87
1,10,36,68,82,90,92,205
82
4,36,82,92
42,89,489
4,7,35,36,42,68,84,85,91,92,93,210,217
45,82,127,464
36,72,77,92,126,271
5,9,49
36,271
1,4,40,82,85,164
5,82
1,73,90,217
39,45,217
4,45,217
4,84,87,126,164,359,489
4,5,40,42,82,84,91,205,213,335
4,68,72,82,87,92,126
4,36,72,84,89,91,92,93,293,489
1,5,8,45,82,91
1,4,36,40,46,84,89,489
40,42,68,72,87,89,92,165,217
4,5,84,90,164,210,273,489
5,7,40,92,132,271,389,492
7,68,92,96,217
1,7,82,87,89,90,91,162
1,5,36,42,44,68,82,84,85,89,92,129
4,92,217
8,35,36,40,61,77,82,84,89,96,133,157,164,213
92,217
4,7,42,126,217
1,35,39,82,85
42,82,85,90,107
4,35,42,82,85,89,90
1,8,22,82
1,45,85,100,126,159,189,217,405
1,4,39,82,389
42,45,82,205,213
1,82,414
4,9,36,489
489
5,8,46,61,82
4,5,39,40,82
82,92
1,45,96,164,217
68,90,171
36,489
1,4,82,157,164,235
175,489
68,92,217
1,35,45,84,85,100,126,217
8,82,89,90,131
4,217
85,92
92,489
4,92,271
5,36,164,217
5,9,85,164,217
82
35,39,217
5,8,13,35,173,217,286
5
5,8,489
92,271
1,8,35,45,46,49,84,89,90,91,92,128,489
57
1,36,87,92,489
10,68,82,92,105,126
4,164,205,217
4,36,92,93,189,489
5,53,89,90,271
1,5,53,82,133
10,36,68,89,92,107,200,217
1,68,82,92,396
40,82,92
1,92,217,235
5,42,45,82,238,370
4,40,82,89,164
3,35,40,53,89,217
4,10,40,42,44,89,90,92,217
132,271
3,42,92,217,293
42,82,90,164
4,82,85
35,42,68,72,92,217
10,68,92,217
1,8,35,36,42,74,85,92,489
40,217
89,90,127,205,489
53,68,89,217
1,8,10,37,92,126,217
5,8,72,92,271
181
85,89,90,217
369
7,35,39,46,89,126,271
4,5,8,82,84,113,164,250,292
37,46,82,89,184
1,53,68,72,82,92
4,36,42,85,171,217
4,7,36,45,68,82,92,339
4,92,359,489
9,92,321
45,82
73,217
4,36,84,171,489
1,8,89,271
5
5,45,90,157,217
1,4,82,84,89
37,68,82,85,92,170,369
4,35,90,92,271
4,45,68,82,92,164
4,5,42,90,126,164,194,205,217
82,132
96
89,90,127,171,253,271,422
5,82
68,82,92
40,82,89,90
4,82,87,347
4,36,40,44,82
35,39,127,333,489
4,84,87,91,103,126,255,271
4,5,7,85,92,164,271
82,165,228
92,489
92,217
3,8,35,36,39,40,42,85,89,126,161,170,215,271
1,4,35,45,82,89,132,140,210,458
68,82,369
82
1,84,105,171,271
5,8,42,45,91,164,217
1,35,39,40,42,100,126,368,370,499
7,42,87,126,242,489
1,4,45,89,217
72,82,368
8,82,89,90,107,136
9,268,497
4,5,40,82
9
1,8,42,89,90,126,489
35,44,85,89,90,164,217
67
10,36,49,92,217
1,4,9,64,82,89,91
4,9,92,271
4,82,126,468
9,89,217
4,89,90,217
1,4,82,85,170,255,305
5,217
1,4,9,89,164,217
4,35,36,40,84,164,184,217
1,5,82,89,90,298
4,5,42,368,489
4,82
1,40,68,84,92,217,232,256
4,9,217
1,9,306,499
4,40,68,82,92
68,72,92,217
5,40,42,82,90
85,217
4,91,126,127,489
35,36,68,82,92
4,82,89
5,35,39,53,82
4,82,89,131,164
1,42,82,89,126,255
5,271
499
1,4,5,33,42,89,90,92,164,271
4,36,42,44,45,72,89,90,113,127,128,136,184,231,271,291
92,217
5,82
84,91,271,369
4
5,68,217
89
4,35,87,126,164,271
5,131,217
5
4,35,36,92,100,126,271
53,85,89,90,489
4,42,87,489
1,4,8,45,82,159
1,82,89,96,132,164,205
8,82,96,147
1,4,10,68,92,217
4,82
35,210,271
4,36,77,91,92,184,213,271
92,217
4,35,36,45,84,271,309
82
5,271
4,10,68,72,85,92,217
4,35,39,82,93
7,40,89,139,391,489
1,68,84,89,90,92,217
1,4,35,133,187,217
40,89,164,170
4,36,40,72,89,90,92,217
4,5,271
4,68,499
89,90,322
4,92,489
42,91,102,126,217
4,68,72,82,89,92
4,10,35,68,85,92,93,102,171
4,40,82,89,90,164,205
4,87,127,271
217
1,4,82,93
92,217
10,45,68,92,93
40,85,217
92,217
5,40,92,217
89,90,440,489
4,45,82
217
4,84,164,271
8,84,89,90,255,271
36,85,92,489
82,126
84,91,499
82,89,90
4,92,159,217
35,45,82,89,90,91,127,134,164
10,68,89,92,499
5,35,42,89,90,217,242
4,5,8,82,89
36,45,82,84,255
42,82,324
1,72,92,93,271,471
3,82,92
4,7,25,48,68,89,90,100,126,217
5,8,42,82,84,89,90,113,139,164,171,188
7,36,90,499
4,35,36,45,82,164,165
5,82
10,35,39,82,92
68
82,205
4,82,85,110,126
4,42,89,90,489
89,90,126,215,217
1,72,92,489
40,217
4,5,489
4,5,92,162,489
5,127,271
10
4,217
82,89,105
5,82
49
4,35,90,164,217
92
4,5,25,45,139,217
9,45,217
3,42,82,242
5,82
36,39
82,164
9,36,40,46,53,489
5,68,89,90,92,217
39,489
271
45,82,334
40,82,89,100
1,8,40,68,82,92,132
82,89,90,126
5,42,45,49,217
4,35,89,164,271
3,4,10,35,44,68,82,84,89,92,93
1,4,8,9,36,37,42,72,85,89,90,92,164,271
1,4,35,45,82,84,89,90,126,157,190,389
89,217
68
4,40,45,82
42,271
4,39,84,85,89,91,126,164,205,217
8,36,42,44,82,84,274
35,39,68,72,82,89,92,128
