1,4,5,7,8,9,18,22,35,36,37,39,42,44,45,46,49,68,72,73,74,78,84,85,87,90,91,92,102,105,126,166,171,205,213,217,231,263,291
1,4,5,7,8,9,18,35,36,37,42,45,49,68,72,74,82,84,85,92,93,100,126,164,166,188,212,231,389,405
1,5,7,8,9,35,36,37,39,42,45,49,68,72,73,74,84,87,89,90,91,92,93,105,127,128,133,157,159,164,170,184,188,253,255,293,490,499
1,4,5,7,8,9,17,18,35,36,37,39,40,42,44,45,49,53,68,72,73,74,84,87,89,90,91,92,126,128,133,136,170,171,184,188,210,215,217,232,293,386,392,394
1,4,5,7,8,9,16,18,35,36,39,42,45,49,68,72,74,82,84,85,92,100,116,126,128,129,134,148,157,164,171,187,188,194,213,231,359,383,405
1,4,5,7,9,18,35,36,37,39,40,42,45,68,72,82,84,87,89,90,91,92,102,126,133,134,139,184,213,231,236,242,293,353
1,4,5,7,8,9,18,25,35,36,37,39,40,42,45,57,72,84,89,90,91,92,93,96,126,128,130,133,139,150,157,158,164,181,188,205,210,213,217,242,257,265,292,293,404
1,4,5,7,8,9,10,13,33,35,36,37,40,42,44,45,48,49,68,72,74,75,82,84,87,89,92,93,96,100,102,105,126,128,135,141,155,157,159,164,166,184,188,196,212,213,235,237,405
1,4,5,7,8,9,35,36,37,39,42,45,49,72,84,87,89,90,91,92,126,128,134,157,161,166,171,184,188,213,231,255,271,341,432,462
1,4,5,7,8,9,35,36,37,39,42,45,72,82,84,89,91,92,93,102,110,126,128,133,157,171,187,210,213,231,237,293
1,5,7,8,9,35,36,37,39,42,45,65,68,82,84,85,87,89,90,91,92,126,127,158,164,166,170,187,253,255,305,307,314,382,414,417
1,4,5,7,8,9,13,35,36,37,39,40,42,44,45,49,68,72,74,84,89,90,91,92,96,126,128,133,147,165,170,187,188,217,274,293,354,377,389,392,437
1,5,7,8,9,33,35,36,42,45,82,84,89,91,93,107,126,127,133,134,157,166,188,253,255
1,4,5,7,8,9,15,18,22,35,36,37,38,39,40,42,44,45,49,57,67,68,72,77,78,82,84,85,89,90,91,92,93,96,102,126,128,131,133,134,136,145,157,159,164,166,171,184,188,205,210,235
1,3,5,7,8,9,23,35,36,37,39,40,42,45,68,72,82,84,87,89,91,92,93,110,126,133,161,165,166,187,188,215,231,396
1,4,5,7,8,9,35,36,37,39,42,44,45,68,72,73,74,84,85,92,100,110,126,128,134,146,157,164,166,184,187,188,212,213,217,231,306,324,347,353,405
1,3,5,7,8,9,13,18,35,36,37,39,42,44,45,49,53,68,72,74,82,84,89,92,100,110,126,128,134,166,170,171,187,188,212,231,232,405
1,4,5,7,8,9,13,18,35,36,37,39,40,42,45,57,68,72,73,74,82,84,87,89,90,91,92,95,96,126,133,134,136,139,157,166,184,187,213,231,306
1,5,7,8,9,13,35,36,37,39,40,42,45,72,74,84,92,100,126,157,166,171,217,231,396,405
1,4,5,7,8,9,35,36,37,39,42,45,73,74,84,87,89,91,92,93,110,113,126,127,128,136,164,166,171,184,237,255,296,312,452,489
1,2,4,7,8,9,10,13,15,22,35,36,37,39,40,42,44,45,46,47,49,59,61,67,68,72,73,74,77,82,84,85,87,89,90,91,92,96,102,105,107,110,126,128,130,133,134,148,157,159,166,170,171,174,188,190,209,210,231,234,237,458
1,4,7,8,9,10,35,36,37,39,42,45,67,72,73,84,85,87,91,92,93,96,102,110,126,128,134,151,159,171,184,188,231,232,237,293,489
1,4,5,8,9,25,35,36,39,42,61,72,73,78,84,87,89,91,92,98,113,126,128,131,138,146,157,164,166,180,184,187,188,195,205,210,213,309,341,489
1,5,7,8,9,13,18,35,36,37,42,44,45,46,72,74,84,85,90,92,100,105,110,126,128,157,166,170,171,184,187,212,213,231,405,489
1,4,5,7,8,9,18,35,36,39,40,42,44,45,50,57,72,84,87,89,90,91,92,93,96,126,128,134,136,157,161,164,166,171,184,210,213,215,271,274,392,399
1,4,5,7,8,9,13,35,36,37,39,40,42,45,61,72,73,82,84,87,89,90,91,92,110,126,128,133,139,150,187,188,205,210,231,293,296,368
1,3,4,5,8,9,13,18,22,35,36,37,39,40,42,44,45,49,57,68,72,73,74,84,87,89,90,91,92,114,126,128,133,161,166,170,188,215,217,274,281,370,443
1,5,7,8,9,36,37,42,45,68,72,74,84,89,90,92,100,105,126,127,157,166,170,187,217,405
1,4,5,7,8,9,10,13,35,36,37,39,42,44,45,46,67,72,73,74,82,84,85,89,90,91,92,102,114,126,128,131,133,157,159,164,168,171,188,193,201,205,215,293,313
4,8,35,40,42,45,49,67,82,84,159,171,235
1,4,5,7,8,9,35,36,37,39,42,49,68,72,73,82,84,85,87,89,90,91,92,110,126,127,142,164,166,175,184,188,213,250,305,421,449
1,4,5,7,8,33,35,36,37,39,42,45,68,72,82,84,85,87,89,90,92,96,107,126,127,133,157,164,169,171,184,187,188,205,210,213,236,305,389,421,432,449,452,462,466,467,468
1,4,5,7,8,9,18,35,36,40,42,44,45,63,68,70,72,73,82,84,85,92,93,100,102,126,128,130,132,134,150,155,157,159,164,166,171,173,188,200,205,212,213,232
1,5,8,9,35,36,37,39,40,42,44,45,49,53,68,72,74,84,89,90,92,100,126,128,134,161,166,170,171,188,212,215,217,231,396,405
1,4,5,7,8,9,35,36,37,39,40,42,45,68,72,74,82,84,87,91,92,93,126,128,133,166,170,188,196,213,215,231,232,274,296,392,443
1,4,5,7,8,9,18,21,35,36,37,39,42,44,45,72,74,84,89,90,91,92,126,127,128,157,187,188,210,253,293,305,307,397,489
1,4,5,7,8,9,18,35,36,39,40,42,44,45,68,72,82,84,87,89,90,91,92,93,126,133,134,139,157,164,166,169,181,184,188,205,210,231,242,273,317,359
1,4,5,7,8,9,10,13,18,22,25,28,35,36,37,39,42,45,46,49,72,73,74,78,84,85,89,90,91,92,93,96,102,105,110,126,128,133,134,157,159,161,166,171,176,188,210,217,231,293
1,4,5,7,8,9,15,25,35,36,37,39,42,44,45,49,68,72,74,82,84,87,89,90,91,92,105,110,126,147,157,159,164,166,171,188,231
1,4,5,7,8,35,36,39,42,45,68,72,78,82,84,87,89,90,91,92,93,126,128,133,157,164,166,167,205,210,309
1,4,5,7,8,9,13,18,35,36,37,38,39,40,42,44,45,49,68,72,73,74,82,84,87,91,92,93,126,128,133,134,139,157,171,177,187,188,203,210,213,270,293,294,328,368,384,409
1,5,7,8,9,13,18,23,35,36,37,39,42,45,46,53,72,73,74,84,85,89,90,92,93,100,110,126,128,157,166,170,184,187,188,212,213,231,382,405,489
1,3,5,7,8,9,13,14,35,36,37,39,40,42,44,45,73,74,82,84,85,87,89,90,91,93,96,110,111,126,128,133,134,165,166,170,171,173,184,188,213,231,351,384,396
1,5,7,8,33,35,36,37,39,42,44,68,72,74,84,89,90,91,92,126,134,157,158,164,171,188,205,217,253,276,305,307,316
1,4,5,8,9,36,42,45,72,78,84,92,110,126,128,205,271
1,4,5,7,8,9,13,35,36,37,39,42,45,46,72,73,74,84,85,89,92,93,100,110,113,126,128,157,166,171,187,188,212,213,231,232,394,396,405,499
1,4,5,7,8,9,13,35,36,37,42,43,45,49,53,68,69,72,73,82,84,87,89,90,91,92,93,94,110,113,126,133,139,157,164,170,171,184,187,188,210,213,215,227,231,377,439
1,4,5,7,8,9,35,36,37,42,45,72,82,84,87,89,90,92,126,133,134,157,162,187,210
1,4,5,7,8,9,13,35,36,37,39,40,42,44,45,61,68,73,74,82,84,89,92,93,100,110,126,131,134,157,164,175,205,212,213,231,265,298,405,479
1,5,8,9,11,13,35,36,37,39,40,42,45,49,72,73,74,82,84,87,89,90,91,92,103,110,126,131,133,139,164,166,188,205,213,231,238,242,289,321,328,354,368
1,4,5,7,8,9,18,25,35,36,37,39,40,42,44,45,49,68,72,74,84,85,87,91,92,126,128,133,157,164,166,175,184,188,210,217,225,231,293,311,338,339,366
1,4,5,7,8,9,10,18,35,36,37,40,42,45,54,58,68,72,74,82,84,85,92,93,102,113,116,118,122,126,128,131,138,155,157,159,164,166,184,188,193,195,202,205,210,212,213,405
1,4,5,7,8,9,13,25,35,36,39,40,42,45,57,72,78,84,85,87,89,90,91,92,126,128,131,133,134,139,146,157,164,169,184,187,193,205,210,213,217,236,293,294,318,325,359
1,4,5,8,9,35,36,37,40,42,45,49,53,68,72,74,82,84,87,89,90,91,92,110,126,133,139,162,164,166,187,188
1,4,5,8,23,35,36,37,39,42,44,45,46,49,68,72,74,82,84,87,89,90,91,92,96,105,126,128,133,161,170,184,213,215,354,391,392,443,447
1,4,5,8,9,11,13,35,36,37,39,40,42,45,72,84,87,89,91,92,93,110,126,128,133,134,164,171,187,188,210,217,242,293
1,4,5,7,8,9,13,35,36,37,39,42,45,72,73,82,84,89,90,91,92,110,126,139,157,164,238,242,250,290,293,296,478
1,4,5,7,8,9,35,36,37,39,42,45,49,72,82,84,87,91,92,93,126,157,162,187,205,213,231,478
1,4,5,7,8,9,10,13,15,18,25,31,35,36,37,39,42,44,45,46,48,49,51,68,72,74,82,84,85,87,89,90,91,92,93,96,102,105,110,122,126,128,133,134,147,148,157,159,164,184,188,198,205,210,213,235,237,248,293,296
1,4,5,8,9,35,36,42,45,68,72,74,82,84,85,87,90,92,100,126,128,131,134,145,157,164,166,205,212,213,405
1,4,5,7,8,9,35,36,37,39,42,45,49,72,84,85,87,89,90,91,92,93,126,128,157,164,184,187,188,205,210,231,271,309,332
1,4,5,7,8,9,35,36,37,39,42,44,45,61,72,84,87,91,92,126,128,134,136,139,164,166,205,213,328,335,478,489
1,5,7,8,9,13,16,34,35,36,39,42,44,45,68,72,84,87,89,90,91,92,110,114,126,127,128,133,166,170,171,184,188,193,210,217,225,226,231,319
1,4,5,7,8,9,10,35,36,37,39,40,42,44,58,72,73,84,87,89,91,92,93,122,126,128,157,159,171,184,198,210,213,293,489
1,4,5,7,8,9,18,35,36,37,39,40,42,45,49,50,53,61,68,72,74,84,85,87,89,90,91,92,98,107,126,128,133,134,136,157,164,166,169,184,210,213,217,248,380,386,390,394,439,440
1,5,7,8,9,35,36,39,42,49,72,74,84,85,87,89,90,91,92,96,126,127,128,164,166,184,187,188,210,213,413,489
1,4,7,8,13,22,28,35,36,37,42,45,46,49,63,68,72,73,74,84,85,92,99,100,105,110,126,134,165,177,188,212,217,284,315,405
1,3,4,5,8,9,10,13,15,18,28,35,36,38,40,42,44,45,46,49,59,63,72,84,85,92,93,100,102,107,113,126,128,157,159,171,188,192,212,213,217,237,322,405
1,4,5,7,8,9,18,35,36,37,39,40,42,44,73,74,84,85,87,89,91,92,110,126,157,166,171,181,184,187,205,213,306,333,346,353,489
1,5,7,8,9,34,35,36,37,39,42,45,68,72,74,82,84,87,89,90,91,92,126,133,147,164,166,170,187,231,253,305,307
1,3,5,7,8,9,23,32,36,37,40,42,45,49,53,68,72,84,85,92,93,100,126,134,161,173,186,215,217,232,405,437
1,4,5,7,8,9,10,22,35,36,37,39,42,44,45,48,59,63,67,72,84,87,89,91,92,93,101,102,105,110,122,126,128,134,142,157,159,166,171,183,189,206,213,229,237,293,380,458,489
1,2,5,7,8,9,14,35,36,37,39,42,44,45,46,68,72,84,87,89,90,91,92,114,126,127,134,166,171,186,187,188,196,210,217,237,246,255,259,267,269,281,305,307,319,329,343,426
1,3,4,5,7,8,13,35,36,37,39,40,42,44,45,53,72,73,84,87,89,90,91,92,97,110,126,128,132,139,157,161,166,170,171,175,184,187,210,213,215,231,274,293,489
1,5,7,8,9,13,15,18,35,36,37,39,40,42,45,63,72,78,82,84,87,89,90,91,92,93,101,102,105,126,132,133,144,157,159,164,166,171,184,210,213,231,293,296
1,5,7,8,22,35,36,37,39,42,45,49,53,68,72,74,82,84,87,89,90,91,92,97,126,128,166,170,171,184,188,231,237
1,4,5,7,8,18,25,35,36,39,42,44,45,72,84,87,89,90,91,92,110,126,128,134,164,166,173,184,188,205,213,231,296,478,489
1,8,35,36,37,42,45,84,89,90,93,100,126,187,212,217
1,4,5,7,8,9,25,35,36,39,42,44,45,61,68,72,74,84,85,87,89,90,91,92,96,107,116,126,128,133,134,139,157,164,187,210,213,217,293,382
1,4,8,9,10,18,22,35,36,37,38,42,45,46,49,63,68,72,74,84,87,91,92,93,105,126,133,137,159,167,208,217,237,293
1,4,5,8,9,36,42,49,82,92,93,104,112,126,162,164,240,276
1,4,5,7,8,9,18,35,36,37,39,40,42,44,45,73,74,84,87,89,90,91,92,93,110,126,157,164,165,166,171,187,213,225,231,296,339,366,489
1,5,7,8,9,35,36,42,45,68,72,84,87,89,90,91,92,110,126,127,133,136,157,158,164,184,205,217,250,253,255,286,291,305,307,316,414,465
1,4,5,7,8,35,36,39,42,45,49,68,72,82,84,89,91,92,110,126,127,131,134,146,157,164,184,205,213,232,252,255,257,293,341,449,452,467
1,4,8,9,13,35,36,42,45,49,73,84,92,93,100,126,157,166,205,212,213,217,245,249,252,405
1,4,7,8,10,15,35,36,37,39,42,45,56,72,84,87,89,90,91,92,93,105,126,128,133,159,188,213,217,231,293
1,4,5,7,8,9,25,35,36,37,40,42,45,54,68,72,74,84,87,89,90,91,92,126,128,129,133,157,164,166,171,184,193,205,210,217,231,246,306
1,3,4,5,7,8,9,10,13,24,28,35,36,37,38,39,42,45,63,64,68,72,73,74,83,84,85,89,92,96,100,102,105,107,113,126,131,165,166,171,187,188,192,193,206,212,217,237,255,405
1,5,7,8,9,13,18,25,35,36,37,39,42,45,49,57,72,74,78,84,87,89,90,91,92,113,126,127,128,131,133,146,157,164,170,171,180,184,188,195,205,210,213,217,226,241,253,255,257,293,307,335,341,364,382
1,4,7,8,35,36,37,39,42,46,72,73,84,87,89,90,91,92,93,126,128,157,166,171,184,205,231,489
1,3,4,5,7,8,9,10,13,16,35,36,37,39,42,44,45,46,49,68,72,73,74,82,84,85,87,89,91,92,93,99,102,105,126,128,133,159,164,166,168,171,184,188,190,206,210,215,220,232,237,402
1,4,5,7,8,9,13,17,18,22,33,35,36,37,38,39,40,42,44,45,46,63,67,68,72,73,74,82,84,85,87,89,90,91,92,93,102,105,109,110,126,128,132,135,151,157,159,164,168,171,184,188,189,203,209,210,220,221,231,235,237,293,296
1,5,7,8,9,35,36,37,39,42,45,72,84,87,91,92,96,126,127,128,164,188,231,271,305,451,452,457,462
1,5,7,8,9,13,25,35,36,42,45,46,68,72,74,84,85,92,93,96,100,102,105,118,122,126,128,131,138,159,164,171,188,189,190,205,210,217,235,237,405
1,4,5,7,8,9,13,18,35,36,39,40,42,45,68,72,82,84,87,89,91,92,93,113,116,126,133,134,145,157,164,166,167,169,231,309,318,355
1,4,5,7,8,9,15,35,36,39,42,44,45,49,57,67,68,72,82,84,89,90,91,92,93,102,126,159,164,166,210
1,4,5,7,8,9,10,13,16,18,22,35,36,37,42,45,46,68,72,73,74,84,92,93,99,100,102,105,126,128,157,159,161,166,171,179,184,188,196,215,217,231,237,405
1,4,5,7,8,9,10,18,25,33,35,36,39,40,42,44,45,49,51,61,72,78,84,87,89,90,91,92,93,98,110,126,128,129,131,134,136,137,139,157,158,162,164,175,184,188,194,205,210,213,217,231,238,249,293,333,368,391,431
1,4,5,7,8,13,22,35,36,37,39,40,42,45,68,72,74,82,84,87,91,92,126,128,134,139,157,184,187,188,205,293
1,4,5,7,8,9,35,36,37,42,45,49,53,68,72,73,74,82,84,85,89,90,92,93,98,100,110,126,128,166,170,171,187,188,212,213,215,231,232,386,401,402,405
1,4,5,7,8,9,10,13,15,18,35,36,37,38,39,40,42,44,45,46,63,68,72,73,74,84,87,89,90,91,92,101,102,126,131,133,157,164,166,171,183,184,210,213,217,237
1,5,8,9,35,36,42,44,45,68,72,82,92,93,100,102,126,128,159,171,188,212
1,5,7,8,9,18,35,36,37,39,42,44,45,49,53,68,72,74,84,85,87,89,90,91,92,126,128,134,157,162,166,170,184,186,187,188,193,217,225,231,288,313,369,378,397,401,466
1,3,7,8,9,10,15,35,36,37,40,42,44,45,49,67,68,72,82,84,85,90,92,100,102,105,126,132,135,151,159,166,171,189,212,213,235,237,294,405
1,5,7,8,9,31,35,36,37,39,42,45,49,68,72,74,82,84,85,87,89,90,91,92,113,126,128,157,164,166,170,171,205,213,231,250,253,305,307,414,422
1,4,5,7,8,9,35,36,37,39,42,45,72,84,87,89,90,91,92,126,127,128,136,157,162,164,166,170,184,210,213,231,253,255,271,290,295,305,307,382,434
1,4,5,8,9,35,36,37,42,72,84,87,89,92,95,112,126,128,157,205,213,245,252,264,271,278
1,5,7,8,9,35,36,37,42,45,49,57,72,84,89,90,91,92,110,126,127,128,157,170,171,184,187,217,253,255,293,305,307
1,3,4,5,8,9,10,32,35,36,37,39,42,45,64,68,72,84,87,89,91,92,93,102,105,118,126,128,131,133,135,149,157,159,161,164,171,183,184,190,206,209,210,217,231,237,248
1,4,5,7,8,9,13,35,36,37,39,40,42,44,45,49,61,68,72,74,84,92,93,100,110,126,134,136,139,166,170,184,187,188,205,213,217,242,243,328,368,375,405
1,4,5,25,35,37,40,42,44,45,49,82,84,92,97,126,170,188,205,245,280
1,4,7,8,9,13,35,36,37,39,42,44,45,46,48,49,68,72,74,84,87,89,90,91,92,93,105,122,126,128,134,157,159,164,166,171,198,217,231,235,362,458
4,5,7,8,9,13,35,36,37,39,42,45,46,49,72,74,82,84,87,89,90,91,92,126,131,161,170,187,210
1,4,5,7,8,9,10,22,35,36,37,38,39,42,44,45,47,63,65,67,68,70,72,84,87,89,90,91,92,93,96,105,106,113,126,155,157,159,164,166,171,196,210,217
1,4,5,6,7,8,9,10,13,18,28,29,35,36,37,38,39,42,44,45,46,56,59,67,72,73,74,78,84,87,89,90,91,92,93,96,110,122,126,128,131,138,146,155,157,158,159,164,166,167,171,184,190,205,208,210,213,231,235,237,341,499
1,5,7,8,35,36,37,39,40,42,44,45,49,72,73,74,82,84,87,89,91,92,96,126,133,136,157,164,175,196,213,306,389
1,4,5,7,8,9,35,36,37,39,40,42,45,49,72,73,84,87,91,92,93,126,157,164,184,188,205,210,217,231,264,293
1,4,5,7,8,9,10,35,36,39,42,45,49,68,72,82,84,89,91,92,126,128,129,133,145,157,167,170,184,202,208,213,293,305,449,462,463,467,468
1,4,5,7,8,9,35,36,37,39,42,45,58,62,68,72,82,84,87,89,90,91,92,93,121,126,128,133,157,165,170,184,187,205,210,213,253,255,307
1,3,4,5,7,8,9,10,15,18,26,33,35,36,37,39,42,44,46,49,51,57,63,72,75,83,84,87,89,90,91,92,93,96,102,103,110,113,126,128,131,134,155,157,159,160,164,166,188,204,205,210,271
1,3,4,5,7,8,9,10,13,15,28,35,36,37,39,42,45,49,56,57,63,72,73,84,87,89,90,91,92,93,102,114,122,126,128,131,151,157,159,160,164,166,184,188,205,210,220,296,489
4,5,8,36,37,40,42,45,49,53,68,72,84,89,90,92,100,401,490,499
1,4,5,7,8,9,18,35,37,42,45,49,68,82,84,91,93,110,126,133,134,158,205,245,261,293
1,5,7,8,9,21,35,36,39,40,42,44,45,49,51,61,72,82,84,85,89,90,91,92,96,110,112,126,132,133,134,136,139,157,164,171,174,180,184,188,192,213,236,242,328,370
1,4,5,7,8,9,10,35,36,37,39,42,44,45,53,68,72,73,84,85,87,89,90,91,92,110,126,134,157,164,166,184,205,213,217,386,392,394,401
1,4,5,7,8,9,10,12,13,18,22,27,35,36,39,42,45,46,63,68,72,73,74,82,84,85,92,100,105,107,110,126,128,134,142,157,159,166,177,184,212,231,237,405
1,4,5,7,8,9,16,35,36,37,39,42,45,49,72,74,82,84,87,89,90,91,92,96,126,128,133,134,139,157,164,165,184,205,210,213,242,293,318,323
1,4,5,7,8,9,35,36,39,42,45,72,73,84,85,87,91,92,110,126,128,131,134,136,157,164,166,184,188,248,271,276,305,449,452,462
1,5,8,23,35,36,37,39,42,45,46,53,72,73,74,84,89,92,93,100,110,126,128,170,171,173,187,188,212,213,215,232,396,405,489
1,5,7,8,9,35,36,37,39,42,45,72,84,85,87,89,90,91,92,93,126,127,128,134,157,164,166,170,171,184,188,253,255,307,382,489
1,4,5,7,8,9,35,36,40,42,45,68,72,84,85,87,89,91,92,93,114,126,128,133,139,147,157,164,177,217,236,242,293
1,4,5,7,8,9,10,13,18,22,35,36,37,39,40,42,44,46,72,73,74,84,87,89,90,91,92,93,110,126,128,155,157,159,166,171,188,213,231,235,237,489
1,4,5,7,8,9,35,36,37,42,45,68,72,82,84,85,89,90,92,100,126,128,134,139,157,166,171,184,187,212,213,231,242,386,401,405
1,4,5,7,8,9,18,28,35,36,37,39,42,44,52,67,68,72,84,85,89,90,91,92,93,102,105,126,128,133,134,139,157,159,171,188,213,217,235,293
1,4,5,7,8,9,13,18,35,37,39,42,45,84,89,90,91,92,110,126,128,134,136,157,164,171,184,187,188,210,231,238,255,271,293,425,449,452,467,492
1,4,5,7,8,9,18,35,36,37,39,42,45,72,74,82,84,85,87,89,90,91,92,126,133,139,157,164,166,188,242
1,4,5,6,7,8,9,35,36,37,39,40,42,44,45,68,72,84,87,89,90,91,92,126,164,171,184,187,188,217,236,293,315,392,393,402
1,5,7,8,9,13,18,30,35,36,37,40,42,45,72,73,74,84,85,92,93,100,102,110,126,128,132,134,157,159,166,171,184,188,189,212,405,489
1,5,7,8,9,35,36,37,39,42,45,49,72,84,87,89,90,91,92,96,126,127,128,134,136,157,164,166,171,205,271,449,452,467
1,4,5,7,8,18,35,36,37,39,42,44,45,46,72,73,74,84,92,100,110,126,128,134,139,166,170,184,186,188,212,217,231,242,368,405,493
1,4,5,7,8,9,18,28,35,36,37,42,45,68,72,74,84,85,90,92,100,107,126,127,128,134,157,166,170,188,212,217,236,405
1,4,5,7,8,9,13,35,36,37,39,40,42,45,53,68,72,74,84,89,90,92,100,110,126,134,188,212,217,321,405
1,4,7,8,9,15,25,35,36,40,42,48,84,87,91,92,93,96,126,128,136,146,157,164,184,210,213,293,489
1,5,7,8,9,18,35,36,42,45,68,72,82,84,87,89,90,91,92,93,126,127,128,133,157,173,188,255,286,291,322,329,376,407,414,418
1,5,7,8,9,13,35,36,37,39,42,45,46,73,74,82,84,87,89,90,91,113,126,157,166,242
1,3,5,7,8,9,13,18,23,35,36,37,39,40,42,44,45,53,72,74,84,87,89,90,91,92,126,128,136,166,170,171,187,213,215,232,306,370,390,401,489
1,4,5,7,8,9,35,36,37,39,42,45,49,52,68,72,84,87,89,90,91,92,95,126,128,133,134,157,187,217,255,273,302,305,449
1,4,5,7,8,9,18,21,25,35,36,39,40,42,45,49,57,72,84,87,89,90,91,92,93,113,126,128,134,139,157,158,164,181,210,241,271,290,292,298,317,342,359
1,4,5,7,8,9,32,35,36,37,39,40,42,45,46,68,72,74,84,87,89,90,91,92,110,126,133,205,210,217,231,293,368,477
1,4,5,7,9,31,35,36,37,45,49,68,82,84,91,92,205,240,247,262,280,286,293
1,4,5,7,8,9,13,22,36,37,40,42,44,45,46,68,72,74,82,84,85,92,93,99,100,105,126,142,159,166,171,231,237,405
1,4,5,8,9,27,35,36,37,39,40,42,44,45,49,68,72,73,74,78,82,84,85,90,92,96,100,126,128,136,164,205,212,274
1,4,5,7,8,9,35,36,39,42,45,57,72,84,87,89,90,91,92,126,128,134,157,164,166,167,184,210,213,271,392
1,5,7,8,9,13,35,36,37,42,55,68,72,84,85,89,90,92,93,100,126,134,166,188,201,212,217
1,4,5,7,8,9,10,14,35,36,37,39,40,42,44,45,72,73,84,89,90,92,93,100,110,126,157,161,162,164,165,166,170,171,184,188,212,271,391,441
1,4,5,7,8,9,13,35,36,37,39,40,42,43,45,49,67,68,72,74,84,85,91,92,102,105,110,126,138,157,166,170,196,217,221,237
1,4,5,7,8,13,17,30,35,36,37,40,42,44,45,59,65,72,73,74,77,84,85,89,92,96,100,102,107,110,126,128,131,148,156,157,159,161,162,166,171,188,205,212,384,405,431,489
1,4,5,8,9,13,16,23,35,36,37,39,40,42,44,45,49,68,72,74,84,85,87,89,91,92,126,128,133,157,166,170,171,173,184,187,188,217,231,274,389,472
1,5,7,8,9,10,13,19,29,35,36,37,39,42,44,45,53,56,59,63,68,72,73,84,85,87,89,90,91,92,93,102,126,128,132,133,134,144,157,166,167,171,187,189,205,210,213,216,217,231,234,237,372,473
1,3,4,5,7,8,9,17,22,35,36,37,39,40,42,45,53,72,73,84,85,89,90,92,100,110,114,124,126,128,136,157,166,170,171,188,199,212,213,215,217,231,312,313,386,401,402,405
1,4,5,7,8,9,25,35,36,37,39,42,45,49,68,72,82,84,89,90,91,92,126,127,136,164,170,175,188,213,252,255,293,449,458,467
1,5,7,8,9,18,25,35,36,39,42,57,84,87,89,90,91,92,107,113,126,127,128,129,131,134,150,157,158,164,166,170,184,187,195,213,231,255,257,286,291,307,335,414,489
1,5,7,8,9,35,36,37,39,40,42,45,49,72,73,74,84,87,91,92,110,126,128,131,134,157,170,171,184,187,188,205,210,231,238,328,489
1,4,5,7,8,9,10,13,18,35,36,39,42,45,72,73,84,87,89,90,91,92,93,110,126,128,131,150,157,162,164,166,170,171,188,211,213,231,271,391,475,487
1,5,7,8,9,10,29,35,36,37,39,42,45,63,67,72,74,84,85,87,89,91,92,93,96,102,105,108,115,126,128,132,133,135,157,159,161,168,169,171,188,190,193,205,210,213,217,231,237,293
1,4,5,7,8,9,10,22,35,36,37,39,42,45,46,72,74,84,85,92,93,100,126,166,188,205,212,213,217,223,237,405
1,4,5,8,9,35,36,37,39,40,42,44,53,72,73,74,84,85,89,90,92,100,110,126,136,157,164,170,212,215,271,313,386
1,5,8,9,13,36,37,39,40,42,44,45,68,72,74,84,87,91,92,93,157,162,166,187,188,210,231,490,499
1,4,5,8,13,35,36,39,40,42,45,46,49,68,72,74,84,85,89,90,92,100,164,187,405,490,499
1,4,5,7,8,9,13,35,36,37,42,44,45,48,72,82,84,87,89,91,92,93,102,105,126,128,133,157,159,164,169,171,184,210,213,293
1,3,4,5,7,8,9,13,18,35,36,39,40,42,45,49,68,72,73,74,85,87,89,90,91,92,110,128,133,134,157,166,170,177,184,187,188,213,231,389,490,499
1,4,5,7,8,9,13,18,35,36,37,39,40,42,44,45,46,72,74,84,87,89,90,91,92,93,115,124,134,141,154,164,173,184,187,205,213,231,246,289,293,328,329,362,490,499
1,5,7,8,9,13,18,35,36,37,39,40,42,44,45,49,72,74,84,87,89,90,91,92,93,110,113,126,128,139,157,164,166,170,171,184,187,188,210,231,238,246,271,279,328,334,441,485
1,5,7,13,36,37,42,45,68,82,84,89,90,91,92,105,126,305
1,5,7,8,9,35,36,39,42,44,45,53,68,72,84,85,87,89,90,91,92,107,126,133,161,166,215,217,306,362
1,4,5,7,8,9,25,35,36,39,40,42,45,57,72,73,84,85,87,89,91,92,93,102,107,110,126,128,134,136,139,164,166,173,184,187,188,213,231,306,355,489
1,4,5,8,13,35,36,39,42,44,45,49,61,68,84,100,126,128,187,217,232,389,405
1,5,7,8,9,10,13,15,18,35,36,37,39,42,45,46,49,68,70,72,74,78,84,87,89,90,91,92,93,96,102,110,116,126,128,133,157,159,166,184,205,210,213,217,263
1,4,5,7,8,9,18,35,36,37,39,40,42,44,45,53,72,84,87,89,90,91,92,126,136,157,164,165,170,171,187,188,210,232,293,392,394,489
1,4,5,7,8,9,10,13,35,36,37,39,40,41,42,45,46,49,53,56,62,64,72,84,89,91,92,93,102,107,126,128,131,132,133,157,159,165,171,188,190,205,210,217,231,232,237
1,5,7,8,10,11,35,36,37,40,42,45,53,64,68,69,72,73,82,84,87,89,90,91,92,101,102,122,126,133,159,164,165,166,184,210,213,237,330
1,4,5,7,8,9,18,35,36,37,39,42,45,68,72,78,82,84,87,89,91,92,93,126,128,129,133,157,158,164,166,169,184,213,231,294,327,432,458,468
1,3,4,5,7,8,9,13,18,35,36,39,40,42,45,49,68,72,73,74,85,87,89,90,91,92,110,128,133,134,157,166,170,177,184,187,188,213,231,389,490,499
1,4,5,7,8,25,35,36,37,39,42,45,46,68,72,82,84,85,87,89,90,91,92,93,116,126,157,164,166,171,337,353
1,3,4,5,7,8,9,10,13,15,18,35,36,37,39,40,41,42,45,48,63,68,82,84,85,87,91,92,93,96,102,126,128,131,132,133,145,150,157,166,169,171,184,187,188,195,210,213,215,232,237
1,4,5,7,8,13,35,36,37,39,42,45,49,72,74,84,87,89,91,92,95,99,126,127,131,136,157,164,166,187,188,205,231,238,241,245,255,296,305,333,414,433,458,489
1,3,4,5,7,8,9,10,13,18,33,35,36,37,38,39,40,41,42,44,45,49,68,72,73,84,87,89,90,91,92,93,102,125,126,128,131,132,133,134,155,157,159,166,171,184,188,190,205,210,213,217,231,235,296
1,4,5,7,8,9,13,35,36,39,40,42,45,49,68,72,74,84,85,87,90,91,92,93,96,102,110,126,128,133,134,136,146,164,171,184,187,193,205,210,217,293
1,3,4,5,7,8,9,35,36,37,39,42,45,49,68,72,73,74,84,87,89,91,92,99,110,114,126,128,133,147,164,184,187,188,210,213,217,223,269,389,443,470
1,5,7,8,9,18,35,36,37,39,42,45,52,72,84,85,89,90,91,92,126,127,134,170,187,188,217,253,293,305,307,376,422
1,4,5,7,8,9,10,13,18,35,36,39,42,44,45,46,54,56,63,68,72,73,74,84,87,89,91,92,93,102,105,126,128,133,134,152,157,159,166,171,184,188,189,205,210,213,217,237
1,4,5,7,8,9,13,25,35,36,37,39,40,42,44,45,49,57,72,84,85,87,91,92,93,107,110,126,128,134,157,164,165,187,188,205,231,236,293,318,353,364,489
1,4,5,7,8,9,13,35,36,37,39,40,42,44,45,49,68,72,74,82,84,87,89,91,92,96,104,126,128,132,133,136,157,161,164,170,210,231,236,293,389,392,404
1,4,5,7,8,9,18,21,25,35,36,37,39,40,42,45,49,57,68,72,74,82,84,87,89,90,91,92,93,95,110,126,128,131,133,134,139,142,157,158,164,181,187,205,210,238,241,292,293,298,308,335
1,4,5,7,8,9,13,18,22,35,36,37,38,39,42,44,45,46,49,67,68,72,73,74,77,84,85,87,89,90,91,92,93,102,105,110,126,128,133,148,157,159,164,166,171,184,188,210,217,235,237,492
1,4,5,7,8,9,21,35,36,37,39,42,45,68,72,73,84,87,89,91,92,126,127,133,136,164,170,187,217,246,265,266,272,273,286,305
1,4,5,7,8,9,18,33,35,36,39,42,72,84,89,90,91,92,93,113,126,128,134,157,164,184,187,188,193,205,210,293,308,309,339,366,489
1,4,5,7,8,36,37,42,45,68,72,82,84,87,89,90,91,92,126,139,157,184,238,242,478
1,4,5,7,9,35,36,39,40,42,45,49,68,72,82,84,91,92,126,162,213,240,245,264,293
1,3,5,7,8,9,23,35,36,37,39,42,45,46,53,68,72,74,84,87,89,90,91,92,128,133,147,170,231,232,256,386,439,490,499
1,3,5,7,8,9,13,17,18,23,35,36,37,39,40,42,44,45,46,53,72,73,74,84,85,89,90,92,97,100,105,123,124,126,128,166,170,171,184,187,188,212,213,231,285,354,391,499
1,4,5,7,8,9,35,36,37,39,40,42,44,45,68,72,73,74,82,84,85,87,91,92,93,102,107,126,133,157,166,171,263
1,4,5,7,8,9,13,18,21,23,35,36,37,39,40,42,44,45,49,68,72,73,84,87,89,90,92,93,98,100,110,126,128,134,136,161,166,170,171,180,188,212,213,215,217,256,306,369,392,402,405
1,4,5,7,8,9,10,13,35,36,37,39,42,44,45,46,53,63,67,68,72,73,74,82,84,85,87,89,90,91,92,93,101,102,105,110,126,128,157,159,164,166,171,183,184,188,189,193,203,209,210,235,237,349
1,4,5,7,8,16,22,35,36,37,39,42,58,68,70,72,73,76,82,84,85,91,92,93,105,126,132,134,159,165,167,171,209,210,213
1,4,7,8,9,10,35,36,37,42,45,46,68,72,74,82,84,85,92,93,100,101,105,122,126,128,157,159,166,184,212,213,231,237,405
1,4,5,7,8,9,10,13,35,36,37,39,40,42,44,45,49,68,72,74,82,84,89,90,92,93,100,110,126,128,166,170,187,212,213,227,328,405
1,4,5,7,8,9,25,35,36,37,39,40,42,45,49,68,72,74,84,85,87,89,90,91,92,93,96,126,128,131,133,134,136,139,146,157,164,169,171,184,188,205,210,213,217,293
1,4,5,7,8,9,15,22,35,36,37,39,42,44,45,68,72,84,89,90,91,92,93,99,105,126,138,159,166,210,217,232,237
1,5,7,8,9,13,18,35,36,37,42,44,45,49,61,68,72,74,82,84,85,89,90,92,93,100,107,110,126,127,128,134,136,164,166,170,171,184,187,188,210,212,231,305,405,414
1,4,5,7,8,9,25,33,35,36,40,42,45,57,68,72,73,82,84,87,89,90,91,92,102,110,126,128,129,131,133,134,146,157,164,184,188,205,210,213,231,293,294,337,339,359
1,4,5,7,8,10,32,35,36,37,39,42,45,68,72,84,87,89,90,91,92,96,110,126,128,157,161,164,170,184,194,210,213,217,274,293,321
1,4,5,7,8,9,28,35,36,37,39,42,45,68,72,82,84,87,89,90,91,92,93,96,102,126,133,134,139,157,165,184,187,210,213,242,339,353,359,366
1,4,5,7,8,9,10,13,18,33,35,36,39,42,44,45,46,63,68,72,73,78,82,84,87,89,90,91,92,96,101,102,105,116,122,126,128,131,133,134,137,156,157,159,164,165,166,169,171,202,205,213,235,237,249
1,5,7,8,9,32,35,36,39,40,42,45,68,82,84,89,90,92,93,100,126,128,159,170,184,188,297,310,313,328,349,351,381,405
1,4,5,7,8,9,13,18,35,36,37,39,40,42,43,45,56,59,72,82,84,87,89,90,91,92,93,101,102,105,108,109,110,126,132,133,134,157,159,164,166,171,183,205,210,213,237
1,5,7,8,9,36,39,42,84,87,89,90,91,92,126,127,157,184,232,253,255,307,489
1,4,5,7,8,9,13,25,35,36,39,40,42,45,68,72,84,85,87,91,92,93,110,126,128,133,134,147,157,164,166,171,187,188,205,210,217,311,318
1,4,5,7,8,9,35,36,37,39,42,45,73,74,82,84,85,89,92,100,105,110,126,127,128,157,170,188,305,333,398,405,407,464
1,4,5,6,7,8,9,25,35,36,37,39,42,44,72,77,84,87,89,90,91,92,98,104,126,131,136,150,157,164,195,198,205,213,271,341,382,392,394
1,4,5,7,8,9,10,18,23,35,36,37,39,40,42,44,45,49,53,72,73,82,84,87,89,90,91,92,93,98,126,128,133,134,136,157,161,164,166,170,184,188,205,213,215,227,238,248,250,285,296,306,331,396,401
1,5,7,8,9,10,18,35,36,37,39,40,42,44,45,46,65,72,73,84,85,87,89,90,91,92,93,102,110,126,128,132,134,151,157,159,168,171,187,206,213,220,231,232,271,296
1,2,4,5,7,8,9,18,35,36,37,39,40,42,44,45,49,68,72,74,82,84,85,87,91,92,93,110,126,128,133,134,139,164,166,170,171,184,187,194,205,231,236,242,339
1,5,8,35,36,45,72,74,82,84,92,126,157,252,405
1,3,4,5,7,8,9,10,18,35,36,39,42,45,53,68,72,73,74,84,85,87,89,90,91,92,126,128,133,134,136,157,158,161,164,168,170,175,184,205,213,217,236,265,293,388,392,394,401,441
1,3,4,5,7,8,9,17,18,21,35,36,37,39,40,42,44,45,49,53,68,72,73,84,85,87,89,90,91,92,98,126,133,134,136,161,170,180,205,213,215,217,227,281,306
1,4,5,8,9,35,36,37,39,40,42,44,45,68,72,74,84,87,89,91,92,126,133,157,164,184,188,205,217,328,335
1,4,5,7,8,9,13,35,36,37,39,42,45,57,72,74,84,85,87,91,92,93,126,134,157,164,165,169,205,210,231,320,339,359,489
1,4,5,7,8,9,13,21,25,35,36,37,39,40,42,44,45,49,61,68,72,73,74,82,84,87,91,92,93,110,126,128,133,134,136,139,157,170,187,188,205,213,242,293,296,335,477
1,4,7,8,9,10,18,35,36,37,39,42,44,46,68,72,73,74,82,84,87,89,90,92,100,102,105,126,157,159,166,171,210,212,213,231,237
1,4,5,7,8,9,13,18,35,36,37,38,39,42,44,45,46,49,56,67,72,73,74,84,85,87,89,91,92,93,96,101,110,126,128,134,157,159,164,171,184,188,196,198,237,293,438,489
1,4,5,7,8,9,13,18,35,36,37,39,42,45,46,49,72,74,82,84,87,89,91,93,110,126,134,164,166,171,187,188,210,246,250,258,270,288,368
1,4,5,7,8,9,18,26,35,36,37,39,40,42,44,46,49,63,72,73,74,84,87,89,90,91,92,93,102,108,109,111,126,128,159,171,188,210,213,231,293,489
1,5,7,8,9,23,35,36,39,40,42,45,49,53,68,72,84,87,89,90,91,92,93,110,126,128,133,157,161,165,166,184,187,188,217,281,285,306
1,4,5,7,8,9,11,13,21,35,36,37,39,40,42,45,49,72,73,74,84,85,87,89,90,91,92,93,110,113,126,128,134,136,157,164,166,171,184,187,188,210,213,254,273,286,298,318,319,320,324,339,366,489
1,4,5,7,8,9,18,35,37,40,42,44,45,49,73,84,89,91,92,110,126,131,132,134,139,157,164,171,184,187,210,271,293,382,389,392,492
1,5,7,8,9,18,35,36,37,39,40,42,44,45,49,68,72,74,84,85,92,96,100,105,110,126,161,166,170,171,184,188,199,212,215,217,270,389,405
1,4,5,7,8,9,25,36,42,45,68,72,82,84,87,89,90,91,92,93,126,133,134,162,164,184,187,188,205,293,477
1,4,5,8,9,13,25,35,36,37,39,40,42,44,45,58,68,72,73,74,82,84,85,87,89,90,91,92,93,113,126,128,129,131,133,139,146,164,166,171,184,187,210,213,236,242,288,306,354
1,4,5,7,8,10,35,36,37,39,42,45,49,67,72,73,84,87,89,91,92,97,105,110,126,141,157,159,171,189,217,237,293
1,4,5,7,8,9,10,13,35,36,37,39,40,42,45,61,72,77,82,84,85,87,89,90,91,92,93,96,101,102,110,126,131,133,144,157,159,164,171,182,183,188,193,205,213,237,293
1,4,5,7,8,9,13,17,18,35,36,37,39,42,44,45,46,49,67,68,72,73,74,76,84,85,87,89,90,91,92,93,102,105,110,126,128,133,142,151,153,157,159,166,171,173,184,189,193,217,225,231,237
1,4,5,7,8,9,35,36,39,40,42,45,72,84,89,90,91,92,93,110,126,131,134,139,157,164,181,187,188,198,205,213,217,242,293,298,342
1,5,7,8,9,13,35,37,39,42,45,49,72,73,74,82,84,85,87,89,90,91,92,93,121,126,127,133,134,136,157,164,166,170,184,187,188,231,238,255,286,305,306
1,7,8,13,35,36,37,39,42,45,49,74,82,84,85,90,92,100,107,110,126,134,170,171,187,212,405
1,4,5,7,8,9,18,35,36,39,40,42,45,57,68,72,73,82,84,85,89,90,92,100,107,126,157,164,166,188,205,212,213,231,306,405
1,5,7,8,9,13,22,35,36,42,45,68,72,73,82,84,89,90,92,100,121,126,127,128,157,166,170,184,188,212,213,231
1,4,5,7,8,13,18,35,36,37,42,45,56,63,68,72,84,85,92,93,100,126,128,159,189,212,217,405
1,4,5,7,8,9,13,14,18,22,35,36,37,39,42,45,49,68,72,73,82,84,85,87,90,91,92,93,105,110,126,127,128,131,133,134,136,157,161,170,179,184,187,188,210,213,223,231,232,281,293,305,312,332,357,389,449
1,5,7,8,9,13,18,35,36,37,39,42,45,49,61,82,84,87,91,92,93,110,126,128,133,134,157,166,184,187,188,205,213
1,5,7,8,9,13,35,36,39,42,45,49,68,72,82,84,87,89,90,91,92,126,133,157,166,167,187,210,253,295,305,307,414
1,4,5,7,8,9,31,33,35,36,37,42,45,74,84,87,89,91,92,93,116,126,127,128,157,164,166,170,171,184,187,205,210,213,238,255,305,389,449,452,467,489
1,5,7,8,9,35,36,37,39,42,44,45,72,84,85,89,90,91,92,113,126,127,128,134,157,162,164,184,187,253,255,291,293,305,307,382,489
1,4,5,7,8,18,35,36,37,39,40,42,45,46,61,68,72,74,82,84,87,89,90,91,92,110,126,128,133,134,162,164,166,184,187,188,194,205,213
1,3,4,5,8,9,13,35,36,39,40,42,44,45,46,49,53,72,73,74,82,84,87,89,91,92,96,110,126,128,133,157,161,164,166,184,188,210,215,232,389,443,470
1,5,8,9,18,23,35,36,37,39,42,45,49,72,82,84,87,89,90,91,92,126,127,133,149,164,170,255
1,4,5,7,8,9,35,36,37,42,45,51,68,84,89,90,91,92,93,96,111,126,128,131,133,139,157,164,169,171,184,217,293,318,341
1,4,5,7,8,9,21,23,30,35,36,37,39,40,42,44,45,49,53,68,72,82,84,87,89,90,91,92,98,126,133,136,157,166,171,180,184,187,231,232,281,306,389,439
1,4,5,7,8,9,35,36,39,40,42,45,49,57,62,72,84,87,89,90,91,92,93,110,126,128,139,157,164,165,166,184,198,210,231,318,359,489
1,4,5,7,8,10,35,36,37,39,42,45,46,52,57,58,72,77,82,84,85,87,89,90,91,92,93,102,113,126,130,133,134,157,159,164,188,193,213,235,237
1,5,7,8,9,18,21,35,37,39,40,42,44,45,72,74,84,87,89,90,91,92,110,126,128,131,136,157,161,164,170,175,180,187,199,205,213,238,244,250,293,314,370,415,489
1,4,5,7,8,10,13,15,22,34,35,36,37,39,42,45,53,68,70,72,73,84,85,87,89,91,92,99,102,105,118,126,128,133,134,141,157,159,166,171,184,217,237
1,5,8,9,35,36,37,42,45,74,84,85,89,90,92,100,126,127,136,166,170,217,231,255,305,307,405
1,4,5,7,8,9,21,25,35,36,39,42,44,45,57,62,68,72,82,84,87,89,90,91,92,113,126,127,128,131,133,136,146,150,157,162,164,166,184,188,194,195,205,210,213,241,253,255,305,307,327,370
1,4,5,7,8,9,35,36,39,42,45,68,72,73,74,77,84,85,89,90,92,100,110,126,128,157,164,166,187,188,205,212,217,243,246,405
1,5,7,8,9,13,22,23,35,36,37,39,40,42,44,53,72,73,74,82,84,85,87,89,91,92,126,128,157,161,170,188,213,215,306,394,396,401
1,4,5,7,8,9,10,22,25,28,35,36,37,38,39,40,42,44,45,56,63,72,73,84,85,87,89,91,92,96,101,102,105,107,108,114,126,128,131,134,148,157,159,164,165,166,171,173,183,184,205,231,237,489
1,4,5,7,8,9,35,37,39,42,45,73,84,87,90,91,92,93,113,126,127,128,129,134,136,157,158,164,167,184,202,205,213,236,255,271,293,294,325,341,431,449,450,457,462,468,492
1,4,5,7,8,9,13,35,36,37,39,42,45,68,72,74,78,84,87,89,90,91,92,126,128,131,133,157,164,166,171,184,187,188,194,205,210,213,217,293,306,309,341,359
1,3,4,5,7,8,9,10,13,35,36,37,39,42,45,58,68,72,74,84,85,87,89,90,92,126,133,134,157,161,164,165,166,170,215,217,285,386
1,5,7,8,9,13,35,36,39,42,45,78,82,84,85,87,89,90,91,92,107,113,126,127,128,133,136,150,157,162,164,184,210,213,250,253,255,298,305,307,434
1,3,5,8,9,13,21,25,35,36,37,39,40,42,44,45,49,53,68,72,84,85,87,89,90,91,92,126,128,133,134,136,157,161,170,184,188,199,217,306,370,396
1,5,7,8,9,13,35,36,37,39,42,44,45,74,84,85,110,126,173,212,217,286,405
1,3,4,5,7,8,9,18,22,35,36,37,39,40,42,44,45,46,49,53,68,72,84,85,89,90,91,92,93,126,133,134,157,164,166,170,187,212,213,215,217,231,232,306,331,354,396
1,5,8,9,35,37,39,42,44,45,81,84,100,126,128,139,157,164,166,212,328,336,485,489
1,4,5,7,8,9,13,18,35,36,37,39,40,42,45,49,61,72,73,74,84,87,89,90,91,92,96,110,126,128,157,164,166,171,184,188,213,231,271,274,399
1,3,4,5,7,8,9,13,18,35,36,39,40,42,45,46,49,72,73,74,84,87,89,90,91,92,110,126,128,157,165,184,187,231,232,293,391,392,489
1,4,5,7,8,9,21,25,35,36,39,40,42,44,45,49,57,61,68,72,84,89,90,91,92,95,116,126,128,131,134,136,148,164,184,188,205,210,217,294,318,364
1,3,4,5,7,8,9,10,17,35,36,37,39,42,44,45,72,73,87,89,90,91,92,93,96,102,108,126,128,134,157,159,165,166,171,184,215,489
1,4,5,8,9,10,28,35,36,37,42,44,46,49,68,72,73,82,84,85,87,92,100,102,105,126,128,159,166,171,177,188,237,405
1,4,5,8,9,25,35,37,39,40,42,45,49,84,91,126,128,164,187,205,213,217,335,478
1,4,5,7,8,9,13,35,36,37,39,42,45,72,84,87,89,91,92,93,126,157,159,165,166,167,188,189,231,489
1,4,5,7,8,9,13,35,36,39,40,42,45,53,65,72,84,87,89,90,91,92,98,126,128,157,170,213,237,271,313,392,394,401
1,5,7,8,23,35,37,39,40,42,53,68,72,73,82,84,87,89,90,91,92,93,110,113,126,128,133,157,166,184,187,188,210
1,5,7,8,9,10,14,15,28,35,36,37,39,42,45,46,68,72,73,84,87,89,91,92,105,107,126,128,134,151,159,184,200,217,293
1,4,5,7,8,9,18,35,36,37,39,40,42,45,68,72,82,84,87,89,90,91,92,93,105,126,128,164,170,171,184,187,396
1,4,5,7,8,13,35,36,37,40,42,45,68,72,82,84,87,92,100,126,139,157,166,187,188,212,242,405
1,4,5,7,8,9,10,22,35,36,37,39,40,42,43,44,45,46,47,49,57,61,63,68,72,84,85,87,89,91,92,93,96,99,101,102,105,106,110,122,126,133,148,157,159,164,166,173,205,213,217,227,231,235,237,306
1,5,7,8,9,13,18,35,36,39,40,42,45,49,68,82,84,89,90,91,92,93,126,128,133,136,139,157,164,165,186,187,205,238,250,265,269,285,293,328,370,372,391
1,4,5,7,8,9,13,35,36,37,39,40,42,44,45,68,72,74,82,84,85,89,92,100,126,128,136,157,164,170,187,188,212,213,231,389,392,405
1,3,4,5,8,9,22,35,36,37,40,42,45,53,68,72,73,84,85,87,89,92,96,100,126,128,134,157,170,171,187,215,217,313,405
1,4,5,7,8,9,10,35,36,37,39,40,42,44,45,53,72,84,89,90,91,92,126,133,161,162,164,187,205,217,219,231
1,5,7,8,9,13,35,36,37,39,42,45,72,73,84,85,92,100,126,127,132,136,157,164,187,188,205,212,213,248,255,271,288,389,398,405,449,457
1,3,4,5,7,8,9,18,23,35,36,39,40,42,44,45,49,61,72,73,74,84,85,89,90,91,92,107,126,128,134,157,161,170,184,188,213,217,293,306,362,392,394,399,401,402,439
1,4,5,7,8,9,25,35,36,37,39,40,42,44,45,49,53,68,72,73,74,82,84,87,89,90,91,92,93,126,133,139,150,164,166,187,188,205,213,231,315,328,335,368
1,4,5,7,8,9,35,36,39,40,42,44,45,49,68,72,82,84,85,90,91,92,96,126,164,187,293,296,321,389,392
1,5,7,8,35,42,68,72,73,85,92,100,126,217
1,4,5,7,8,9,10,35,36,37,39,42,44,45,48,49,56,64,68,72,84,85,89,90,91,92,93,94,102,105,126,133,159,164,167,169,171,210,217,293,458
1,5,7,8,9,13,18,30,35,36,37,40,42,45,72,73,74,84,85,92,93,100,102,110,126,128,132,134,157,159,166,171,184,188,189,212,405,489
1,4,5,7,8,9,35,36,37,39,40,42,44,45,68,72,84,89,91,92,126,139,213,217,335,368
1,5,7,8,9,18,21,25,35,36,39,42,45,72,73,84,85,87,89,90,91,92,121,126,127,128,131,134,150,157,164,166,169,184,195,205,210,213,255,291,305,307,408,417,489
1,3,4,5,7,8,9,23,35,36,37,39,42,45,46,49,53,68,72,74,84,87,89,91,92,93,107,126,128,133,157,166,170,171,184,187,217,281,306,313,394
1,4,7,8,10,35,36,37,39,42,45,72,84,87,89,91,92,126,128,157,171,184,187,210,217,293
1,4,5,8,9,10,30,35,36,37,42,44,45,72,84,85,89,90,92,100,110,126,128,139,170,171,187,212,231,271,368,391
1,4,5,7,8,9,18,35,36,37,39,40,42,44,45,49,59,72,73,74,84,85,87,89,90,91,92,104,110,111,126,128,134,139,157,164,166,171,181,184,187,188,205,271,296,331
1,5,7,8,9,25,35,37,39,42,45,73,84,85,89,90,91,113,126,127,134,136,164,173,187,188,205,210,213,217,286,291,293,307
1,3,4,5,7,8,9,23,35,36,40,42,45,49,53,68,72,73,84,85,87,89,90,91,92,107,126,128,133,136,139,157,161,170,184,187,188,213,215,217,256,281,306,321,369,386,389,394,396,401
1,4,5,7,8,9,18,35,36,37,39,42,44,46,72,84,87,89,90,91,92,110,126,128,134,188,232,271,296,328
1,4,5,7,8,9,13,35,36,40,42,45,72,82,84,91,92,93,110,113,126,128,133,134,142,157,164,181,205,210,231,250,254,292,298
1,4,5,7,8,9,35,36,37,39,42,45,46,49,72,82,84,87,89,90,91,92,110,126,164,184,187,205,238,293
1,4,5,7,8,35,36,37,39,40,42,45,49,53,68,72,73,74,82,84,87,89,90,91,92,97,126,133,157,159,164,169,184,188,210,213,231,380
1,4,7,8,9,15,36,37,42,45,57,68,70,72,73,74,84,85,87,91,92,96,102,105,107,126,133,134,171,189,193,217,235,237
1,4,5,7,8,9,18,35,36,39,42,45,46,68,72,74,82,84,92,100,110,126,128,139,157,164,166,184,187,188,212,213,242,310,339,366
1,4,5,7,8,9,13,35,36,39,42,49,57,72,84,87,89,90,91,92,113,126,134,157,164,187,205,210,231,293,359,364,489
1,5,7,8,9,13,18,35,36,37,39,40,42,44,45,53,72,84,87,89,91,92,126,128,132,157,161,170,171,184,187,188,215,231,293,321,389,489
1,3,5,7,8,9,13,18,35,36,37,39,40,42,45,53,68,72,73,74,82,84,85,92,93,100,107,110,114,126,128,166,170,184,186,188,212,213,231,386,402,405
1,4,5,7,8,9,28,35,36,39,42,45,72,73,84,85,92,93,102,126,133,134,139,188,217,242,293,310
1,4,5,7,8,9,35,36,39,42,44,46,72,84,87,89,91,92,93,126,128,134,139,164,166,171,188,347,489
1,4,5,7,8,10,13,18,22,34,35,36,37,42,46,63,65,72,84,87,89,90,91,92,93,101,114,118,126,144,157,159,164,170,171,187,213,221,231,235,271,393
1,4,5,7,8,9,13,18,35,36,37,39,40,42,45,49,72,73,74,84,87,89,91,92,93,110,116,126,128,134,157,164,171,187,188,205,213,231,259,276,293,347,489
1,5,6,7,8,9,35,36,39,42,45,57,72,84,89,90,91,92,126,133,157,184,188,210,217,253,293,307,414
1,4,5,7,8,9,35,36,37,39,42,45,58,68,72,73,82,84,87,89,90,91,92,110,126,127,128,133,166,171,210,213,231,305,389,449
1,4,5,7,8,9,35,36,37,39,42,45,53,68,72,82,84,85,87,89,90,92,100,126,134,157,170,187,188,205,212,213,215,232,237,369,386,405
1,4,5,7,8,9,18,35,37,40,42,44,45,84,87,89,90,91,92,110,126,128,131,164,171,187,205,210,238,271,293,328,368,492
1,4,5,7,8,9,13,18,35,36,37,39,42,45,49,68,72,73,74,78,82,84,89,91,92,126,128,134,157,164,184,188,205,210,293
1,4,5,7,8,9,25,35,36,39,40,42,44,45,49,72,84,87,89,90,91,92,93,126,128,133,136,139,157,162,164,187,194,205,210,213,217,238,293,370,477
1,5,7,8,9,13,18,25,35,36,37,39,40,42,44,45,46,49,72,74,82,84,85,87,89,90,91,92,102,126,128,132,133,136,139,147,157,164,166,171,187,188,210,242,243,353
1,5,7,8,9,35,36,39,40,42,45,72,73,74,84,87,89,90,91,92,96,126,133,134,139,148,157,187,205,210,213,217,231,293,318,359
1,5,7,8,9,18,35,37,39,42,45,73,84,87,89,90,91,92,93,110,121,126,127,128,134,157,170,171,187,188,210,231,253,255,271,296,305,307,406,422,492
1,4,5,8,9,13,18,35,36,37,39,40,42,45,49,53,68,72,74,82,84,87,89,90,91,92,105,110,126,128,157,159,165,166,170,184,188,351,402
1,4,5,7,8,9,35,36,37,39,40,42,44,45,61,68,72,82,84,87,89,91,92,126,129,164,166,205,230,232,281,315
1,5,7,8,13,35,39,40,42,45,82,89,90,92,100,126,164,187,321,368,405
1,4,5,7,8,9,36,42,45,68,72,74,82,84,85,87,91,92,93,126,164,166,184,231,347
1,4,5,7,8,9,10,21,35,36,39,40,42,44,45,68,72,82,84,87,89,90,91,92,93,96,105,126,133,136,139,157,164,166,171,187,205,213,328,391
1,5,7,8,9,35,36,39,42,74,84,87,89,90,91,92,126,127,128,136,150,157,166,170,171,195,231,291,305,307,333,489
1,4,5,8,9,18,35,36,37,39,42,45,49,72,73,74,78,84,87,89,91,92,93,103,110,116,126,134,157,164,166,184,187,210,213,250,255,271,305,462,468
1,4,5,7,8,9,10,13,18,35,36,37,39,42,44,45,49,63,72,73,74,84,85,92,93,100,102,105,110,126,128,134,159,164,166,171,183,188,212,213,231,237,271,405
1,4,5,7,8,9,13,35,36,39,40,42,44,45,68,72,73,82,84,85,87,91,92,104,114,126,128,131,133,134,164,165,166,188,228
1,3,4,7,8,9,10,13,14,18,22,34,35,36,37,42,46,49,54,57,63,72,74,84,87,91,92,93,105,114,116,126,128,129,157,159,166,169,231,235,237,288,489
1,4,5,7,8,9,13,18,35,36,37,42,45,49,68,72,73,74,84,89,92,100,110,126,128,134,177,184,186,188,212,213,217,269,281,303,405,451
1,3,5,7,8,9,13,35,36,37,39,40,42,44,45,49,53,72,73,74,84,85,87,89,90,91,92,93,98,110,126,128,136,161,164,166,170,171,180,210,215,271,306,386,396
1,4,5,7,8,35,36,39,42,44,45,46,72,82,84,89,90,91,92,95,96,126,131,132,133,136,140,157,164,184,210,213,248,255,293,305,449,458,468
1,4,5,7,8,13,35,36,37,42,45,68,72,73,82,84,85,92,93,100,126,157,170,184,188,212,369,386,405
1,4,5,7,8,9,35,36,38,42,45,68,72,82,85,87,90,91,92,126,157,159,164,175,183,215,237
1,4,5,7,8,9,10,13,15,22,27,35,36,37,39,40,42,45,72,74,81,84,87,89,91,92,102,105,110,126,142,157,159,164,166,171,184,188,227,271,288,296
1,4,5,7,8,9,18,25,35,36,37,39,42,44,45,49,68,72,84,87,89,91,92,110,126,128,131,132,133,134,148,157,164,165,184,187,188,213,217,293,377,392
1,5,7,8,9,13,18,35,36,37,39,40,42,44,45,49,72,73,74,84,85,92,93,100,110,126,128,134,139,157,166,171,179,187,188,191,212,213,328,368,370,405,499
1,4,5,7,8,9,13,35,36,37,39,40,42,44,72,84,87,89,90,91,92,110,126,128,139,164,175,184,187,188,210,231,242,293,328,333,372,489
1,4,5,8,9,35,36,37,39,42,45,46,49,68,71,72,74,84,87,89,90,91,92,126,127,131,133,134,156,164,184,188,205,210,217,293,296,305,389,449,462,467,468
1,4,5,7,8,9,13,35,36,37,39,42,45,46,53,61,68,72,82,84,91,92,110,113,126,133,139,187,188,210,242,293,368,372
1,5,7,8,21,31,35,36,39,42,44,45,52,82,84,85,89,90,91,92,107,126,127,128,133,136,157,162,165,170,180,187,188,225,305,307,338,382,430,434
1,5,7,8,9,21,25,35,36,37,39,40,42,44,45,61,68,72,84,87,91,92,126,133,134,136,184,210,217,268,478,497
1,4,5,7,8,9,13,18,31,35,36,37,39,40,42,44,45,49,61,68,72,74,82,84,87,89,91,92,103,105,110,126,128,133,134,136,139,157,164,166,170,171,172,187,210,231,238,242,246,270,289,296,306,328
1,5,7,8,9,17,35,36,37,39,42,45,68,72,73,74,84,85,87,89,90,91,92,107,126,127,133,136,157,166,170,171,187,188,217,255,313,328
1,4,5,7,8,9,35,36,37,40,42,45,57,73,74,84,85,87,89,90,91,92,93,110,111,126,128,134,157,164,171,184,187,205,231,296,331,489
1,8,35,36,42,44,68,84,85,89,90,92,100,110,126,134,139,164,171,217,236,313,368,405
1,4,5,7,8,9,10,25,35,36,37,39,42,44,56,67,68,72,84,86,87,89,90,91,92,93,105,122,126,128,133,147,157,159,164,165,205,210,213,217,231,235,237,293,362
1,2,4,5,7,8,9,10,16,22,35,36,37,38,39,40,42,44,45,46,49,63,72,73,74,84,87,89,91,92,99,101,102,105,110,113,118,122,126,128,133,142,157,159,161,164,165,177,184,188,210,214,215,217,225,229,235,237,270,293,319,328,334,343
1,4,5,7,8,9,21,35,36,39,42,45,57,64,68,72,78,82,84,87,89,90,91,92,104,116,119,126,128,133,157,164,166,184,202,205,210,213,248
1,4,5,7,8,9,13,18,35,36,37,39,40,42,44,45,57,63,67,72,73,74,84,87,89,90,91,92,93,101,102,110,126,128,131,134,142,151,157,159,166,171,183,184,188,213,231,237,271
1,4,5,7,8,9,14,35,36,37,39,42,45,49,68,72,73,74,78,82,84,87,89,91,92,93,105,126,128,133,146,157,164,166,167,170,184,187,193,210,231,273,286,305,319,393,418,432,449,462,468
1,4,5,7,8,9,35,36,37,39,40,42,44,45,46,53,68,72,73,84,87,89,91,92,126,128,136,139,157,170,187,188,215,217,293,306,401
1,4,5,7,8,9,13,35,36,37,39,40,42,45,68,72,73,84,85,87,89,90,91,92,93,102,126,128,136,157,164,165,188,205,217,254,265,306,353
1,4,5,7,8,9,35,36,39,42,45,68,72,73,82,84,85,87,91,92,126,128,133,157,166,170,184,187,188,255,305,452
1,4,5,7,8,9,35,36,37,39,42,45,49,68,71,72,84,87,89,91,92,95,110,126,127,133,157,164,166,170,171,184,187,192,210,217,293,305,340,449,467
1,4,5,8,9,35,36,37,39,40,42,45,68,72,73,74,84,85,87,89,90,91,92,93,96,113,126,128,133,146,157,164,166,168,171,184,193,205,217,293,309,318,359
1,4,5,7,8,9,35,36,40,42,58,68,72,73,84,85,87,89,90,92,126,157,164,166,184,188,194,212,213,217,236,339,366,405
1,5,8,25,35,36,37,42,45,57,68,82,84,87,89,90,91,92,113,126,127,131,157,158,162,164,184,187,188,205,210,213,298
1,4,5,7,8,9,13,35,36,37,39,40,42,45,72,74,84,87,89,90,91,92,110,113,126,128,164,166,170,187,188,368,489
1,4,5,7,8,9,35,36,37,39,42,45,68,72,82,84,85,87,91,92,93,121,126,127,128,136,157,164,166,170,184,205,210,231,237,255,305,449
1,3,4,5,7,8,9,17,23,35,36,37,39,40,42,45,49,59,68,72,73,84,87,89,90,91,92,126,133,139,157,170,171,179,188,217,232,242,256,394,396,400,435
1,3,4,5,8,9,18,35,36,37,39,40,42,45,49,53,68,72,73,84,85,87,89,91,92,126,128,133,147,157,170,184,213,217,231,285,391,437,443
1,4,5,7,8,9,22,35,36,37,40,42,45,53,68,72,74,84,85,89,90,92,93,97,100,107,128,136,157,166,184,187,212,213,231,306,313,346,351,369,370,382,386,392,405,436,490,499
1,4,5,7,8,9,13,35,36,37,39,40,42,45,49,68,72,74,82,84,87,89,90,91,92,110,126,128,136,170,184,187,231
1,3,4,7,8,9,13,22,29,35,36,37,38,42,45,46,68,72,84,85,89,92,100,102,126,128,131,159,166,171,217,225,405
1,4,5,7,8,9,18,21,35,36,37,39,40,42,44,45,61,68,74,82,84,87,89,90,91,92,126,128,134,136,157,158,161,164,166,175,184,205,213,232,238,250,279,282,328,368,391,478
1,4,5,7,8,9,13,16,22,23,35,36,37,39,40,42,44,45,46,49,68,72,73,74,84,85,87,89,91,92,93,105,110,126,133,166,170,187,188,213,217,223,248,386,396
1,4,5,7,8,35,36,39,42,45,53,72,84,85,87,89,91,92,96,107,113,126,127,128,148,157,166,170,171,184,188,205,272,305,389,449,452,458,468,489
1,3,4,5,7,8,9,13,17,18,22,35,36,37,39,40,42,45,46,49,53,68,72,73,82,84,89,90,92,93,96,97,100,110,126,134,161,166,170,171,184,187,188,212,213,378,405
1,4,5,7,8,9,13,35,36,37,39,40,42,44,45,46,49,61,68,72,73,74,82,84,87,89,91,92,93,107,126,128,133,134,157,186,187,188,205,207,246,328
1,5,7,8,9,18,22,23,30,35,36,37,39,42,44,45,49,53,68,72,73,82,84,87,89,90,91,92,93,97,110,126,128,133,134,164,166,170,171,184,232,296,313,401
1,4,5,7,8,9,25,35,36,37,39,40,42,44,45,57,68,72,82,84,87,89,90,91,92,93,126,128,131,134,157,164,166,184,194,205,213,309,367
1,5,7,8,9,13,18,35,36,37,39,42,45,49,68,72,82,84,87,89,90,91,92,126,127,170,171,187,188,213,227,255,293,296,305,307
1,5,7,8,9,18,35,36,37,39,40,42,46,53,72,73,84,85,87,90,91,92,93,126,128,166,170,184,187,188,213,215,231,232,271,306
1,5,7,8,9,27,35,36,37,39,42,44,45,49,68,72,74,84,87,89,90,91,92,93,110,127,128,133,170,171,173,177,184,188,221,226,288,293,490,499
1,3,4,5,7,8,9,18,33,35,37,39,40,42,44,45,49,50,57,73,84,87,89,90,91,92,126,128,131,134,157,164,169,171,173,184,187,188,202,210,213,248,250,255,271,274,292,293,382,392,431,492
1,4,5,7,8,9,18,35,36,37,39,42,44,45,49,72,74,84,85,87,89,90,91,92,110,113,121,126,127,128,136,146,157,164,166,170,184,213,231,244,250,255,271,286,291,305,307,414
1,4,5,7,8,9,13,35,36,39,42,44,49,72,74,84,89,90,91,92,110,126,134,157,164,184,187,210,217,293,311
1,4,5,7,8,9,18,35,36,37,39,42,45,49,68,72,82,85,90,92,100,126,166,187,188,212,386,401,405
1,3,7,8,9,13,18,35,36,37,39,42,44,45,49,72,73,74,84,87,90,91,92,93,99,107,110,126,128,134,157,164,166,184,187,213,223,231,232,271,296,369
1,4,5,7,8,9,18,35,36,37,39,40,42,45,49,68,72,73,74,84,85,87,89,90,91,92,126,128,131,133,138,139,157,164,166,171,176,184,188,205,210,213,217,242,261,293,296,318
1,5,7,8,9,18,35,36,37,39,40,42,53,68,72,74,87,89,91,92,110,126,128,170,171,188,217,231,232
1,4,5,8,9,10,11,22,35,36,37,39,42,45,46,49,68,72,73,74,84,89,90,91,92,101,102,105,113,126,128,133,157,159,188,189,205,217,235,237,263
1,4,5,7,8,9,35,36,37,39,42,45,49,52,84,87,89,90,91,92,110,126,157,164,171,184,187,188,205,213,231,271
1,4,5,7,8,9,13,18,35,36,37,39,42,45,49,59,72,73,84,85,87,90,91,92,93,126,128,131,144,157,159,171,184,188,210,217,293
1,3,5,7,8,9,35,36,37,39,42,45,46,49,74,84,87,89,91,111,126,128,133,166,170,210,217,369,394
1,4,5,7,8,9,18,35,36,37,39,42,46,49,63,72,84,85,92,93,100,102,126,128,134,159,161,171,212,271
1,4,5,8,22,35,36,37,39,40,42,44,45,53,72,73,84,85,89,90,92,100,126,170,212,232,405,489
1,4,5,7,8,9,13,35,36,37,39,42,44,45,49,57,72,73,84,87,89,90,91,92,110,126,128,134,157,164,166,171,187,188,205,210,213,236,337,359,489
1,4,5,7,8,9,13,18,35,36,42,44,45,46,49,56,68,72,73,74,82,84,89,90,92,93,100,102,105,106,126,128,157,159,166,171,184,188,212,213,405
1,7,8,9,10,35,36,37,42,45,54,56,68,70,72,73,74,82,84,85,89,90,92,96,98,100,102,107,126,128,132,146,157,164,166,169,193,205,206,210,212,235,405
1,4,5,7,8,9,10,22,35,36,39,42,44,45,46,48,50,63,72,74,78,82,83,84,87,89,90,91,92,96,101,105,118,122,126,128,131,133,134,144,147,157,164,165,166,173,184,188,202,210,214,217,231,237,261,263,293
1,2,4,5,7,8,9,10,18,22,33,34,35,36,37,39,42,44,45,46,49,68,72,74,84,85,87,89,90,91,92,93,99,101,102,105,126,128,133,157,159,161,166,171,190,205,210,213,217,237
1,4,5,7,8,35,36,37,39,42,45,49,68,72,73,82,84,92,100,110,126,170,184,212,237,272,389,405,449
1,4,5,7,8,9,18,35,40,42,45,49,61,73,74,84,87,89,90,91,92,93,110,126,128,134,139,164,173,184,187,188,205,210,213,238,242,271,293,334,336,391,477,492
1,4,5,7,8,9,13,18,35,36,37,39,42,44,45,46,49,61,63,72,73,74,77,78,84,85,87,89,90,91,92,96,105,110,116,126,128,134,155,157,158,159,164,166,171,184,188,205,213,231,235,271,296
1,4,5,8,35,36,37,39,40,42,44,45,72,84,89,90,91,92,93,126,128,139,205,217,242,259,370,475
1,4,5,7,8,9,11,35,36,37,39,40,42,45,72,84,85,86,87,91,92,102,116,126,128,134,139,164,166,188,193,271,285,309,335
1,4,5,7,8,9,21,25,35,36,39,42,44,45,49,68,72,82,84,91,92,93,126,133,134,139,157,164,194,205,210,213,242,293,477
1,4,5,7,8,9,18,35,37,40,42,44,45,84,87,89,90,91,92,93,110,126,128,134,164,171,187,213,231,271,293,492
1,3,4,7,8,9,10,18,35,37,40,42,44,45,49,68,72,73,84,85,92,93,100,102,126,134,157,159,164,166,171,205,217,231,237,405
1,4,5,7,8,9,28,35,36,39,40,42,45,49,68,72,74,82,84,85,87,89,90,91,92,93,96,102,126,128,133,157,164,166,171,184,205,210,229,231,251,276,323,353,359
1,4,5,7,8,9,35,36,37,39,40,42,44,45,72,73,74,84,89,90,91,92,126,128,131,136,139,157,164,171,184,187,205,210,213,242,250,279,391,478,489
1,5,7,8,9,13,35,36,37,39,42,45,49,68,72,73,74,84,87,89,90,91,92,93,110,126,128,133,134,157,166,171,184,187,188,210,213,217,231,368
1,4,5,7,8,9,35,36,37,39,40,42,45,49,72,84,87,89,90,91,92,126,128,133,134,157,166,184,187,188,213,217,237,272,389,449,462
1,4,5,7,8,9,10,35,36,37,39,40,42,44,45,68,72,82,84,87,89,90,91,92,126,131,139,157,164,170,175,182,184,205,210,211,328,368,391
1,4,5,7,8,9,10,15,28,35,36,37,39,40,42,44,46,49,64,67,72,74,84,87,89,90,91,92,93,96,101,102,105,110,118,122,126,128,133,145,148,157,159,164,167,171,184,188,213,217,229,231,235,293
1,4,5,7,8,9,35,37,39,42,45,84,91,92,110,126,127,128,157,158,164,170,184,187,210,213,255,271,291,492
1,3,4,5,7,8,9,14,18,35,36,39,40,42,44,45,68,72,74,84,87,89,91,92,96,128,132,133,139,180,187,188,213,215,360,443,490,499
1,5,7,8,9,13,25,35,36,37,39,42,45,57,58,72,73,84,87,89,90,91,92,113,126,127,128,134,157,158,162,164,166,184,205,210,213,250,253,271,307,322
1,4,5,7,9,35,36,37,39,42,45,49,72,73,84,85,87,90,91,92,93,110,126,128,166,170,171,213,231,489
1,4,5,7,8,9,26,35,36,37,39,40,42,44,45,46,63,65,68,72,73,74,84,85,87,91,92,102,105,126,128,132,133,151,153,157,166,168,184,187,188,193,213,217,220,230,237,351
1,4,5,7,8,18,35,36,37,39,40,42,45,61,68,72,74,82,84,87,89,90,91,92,93,96,126,128,133,134,157,164,165,184,313,368,437
1,4,5,7,8,9,10,13,18,32,35,36,37,39,40,42,44,45,46,68,69,72,73,74,82,84,85,87,89,91,92,93,96,102,105,108,126,128,133,134,157,159,171,184,188,192,210,215,234,237,293,296
1,4,5,7,8,9,13,35,36,37,39,40,42,44,45,72,82,84,87,89,90,91,92,126,131,139,164,187,188,205,210,238,242,293,333
1,4,5,7,8,9,25,35,36,39,42,45,72,84,87,89,91,92,110,126,127,128,136,146,164,165,166,170,187,194,205,210,213,255,271,273,281,335,389,449,450,452,457
1,5,7,8,9,13,35,36,37,39,42,45,68,72,74,84,87,89,90,91,92,93,126,127,128,147,166,170,171,187,217,226,253,305,307
1,4,5,7,8,9,13,35,36,37,39,42,45,49,57,72,73,74,82,84,87,89,90,91,92,93,126,128,133,139,157,164,165,166,188,205,231,242,363
1,4,8,34,35,36,37,42,45,68,72,84,85,90,92,97,126,127,128,134,136,164,217,232,389
1,4,5,7,8,9,10,35,36,37,39,42,44,45,68,72,74,76,84,85,87,89,90,91,92,93,102,105,108,126,133,134,166,169,171,183,217,221,501
1,4,5,7,8,9,23,35,36,37,39,40,42,44,45,49,52,68,72,73,74,84,85,87,90,91,92,126,133,136,166,217,225,267,288,382,386,396,401
1,4,5,7,8,9,35,36,37,39,40,42,45,49,53,72,84,89,90,91,92,126,128,139,157,171,187,188,205,210,217,293,296,368
1,5,7,8,9,23,36,37,39,40,42,45,53,72,74,84,85,92,93,100,126,134,170,171,217,231,405
1,5,7,8,18,21,25,35,36,37,39,42,44,45,46,61,72,73,74,84,87,89,90,91,92,93,96,110,126,139,164,184,187,188,296,328,391,440,489
1,4,5,7,8,9,35,36,37,39,40,42,45,49,50,57,72,73,74,82,84,87,89,91,92,126,128,133,134,157,161,164,184,187,198,248,274,293,392
1,4,5,7,8,9,13,35,36,37,39,40,42,44,45,49,52,53,68,72,73,74,84,85,87,89,92,100,109,126,128,157,166,171,173,187,188,203,212,217,270,389,391,405
1,4,5,8,9,13,18,35,36,37,39,42,45,72,73,78,84,87,89,91,92,110,126,127,134,136,146,164,166,184,188,205,213,271,449
1,4,5,7,8,9,18,21,35,36,37,39,42,45,72,73,84,87,89,90,91,92,126,127,128,131,134,136,157,162,164,166,170,171,184,210,213,250,253,255,271,296,307
1,4,5,7,8,9,13,23,35,36,37,39,42,45,53,72,73,84,85,87,89,90,91,92,107,110,126,128,157,161,166,170,187,188,236,400,401,489
1,4,5,7,8,13,22,35,36,37,40,42,44,45,68,72,73,74,82,84,89,92,100,110,126,127,128,157,159,161,188,212,213,285,389,405,443
1,3,4,5,7,8,9,33,35,36,37,39,40,42,45,53,72,73,74,84,87,89,90,91,92,98,126,128,134,157,161,166,171,184,187,215,401,499
1,4,5,7,8,9,35,36,37,39,42,44,45,68,72,82,84,87,89,90,91,92,97,126,128,134,166,171,205,210,296,368
1,4,5,7,8,9,13,18,22,35,36,37,39,42,44,45,46,49,63,68,72,74,77,84,85,90,92,96,100,101,102,109,126,128,130,134,155,157,159,164,166,173,184,188,189,212,213,217,235,237,332,405
1,5,7,8,9,18,25,35,36,37,39,42,45,57,68,72,82,84,85,87,89,90,91,92,107,113,126,127,128,133,134,136,146,157,164,184,187,205,213,244,253,255,293,305,307,335,382,414
1,4,5,8,10,35,36,37,42,45,46,68,72,74,84,89,90,92,93,100,128,184,212,286,405,490,499
1,4,5,7,8,9,13,35,37,39,42,44,45,68,72,74,84,88,89,90,91,92,110,126,128,133,139,164,175,188,205,217,238,242,293
1,4,5,7,8,9,13,35,36,37,39,40,42,45,60,68,72,82,84,87,89,90,91,92,126,139,157,162,164,166,187,205,231,391,442,475
1,4,5,7,8,9,35,36,37,39,42,45,68,72,73,82,84,85,92,93,100,110,126,128,134,157,166,184,187,188,255,305,389,405,449,451,452,456,457,466
1,4,5,7,8,9,13,35,36,37,39,42,45,49,72,73,82,84,85,87,90,91,92,100,102,110,126,128,133,134,139,164,166,170,171,184,187,193,213,217,267,269,286,288,321,324,353
1,4,5,7,8,9,35,36,37,39,40,42,44,45,49,61,72,73,74,77,84,87,89,90,91,92,93,96,102,126,128,132,134,157,164,171,174,184,188,205,213,235,271,296,330,404,471
1,3,5,8,9,10,13,35,36,37,38,39,42,45,72,82,84,91,92,93,94,102,103,119,126,128,134,171,179,188,200,231,232,237
1,3,4,5,7,8,9,13,18,25,35,36,37,38,40,42,44,45,48,63,68,72,73,84,89,90,92,100,102,105,126,128,134,157,166,171,206,212,213,217,231,254,405
1,4,5,7,8,9,11,13,18,35,36,37,39,40,42,45,49,72,73,74,82,84,87,89,90,91,92,93,102,110,113,126,128,133,134,139,149,157,164,166,171,181,187,188,210,231,238,242,246,255,265,280,283,286,292,296,298,306,310,314
1,5,7,8,9,35,36,37,39,40,42,45,49,53,68,72,73,74,84,85,87,89,90,91,92,114,128,133,164,165,171,184,187,188,210,231,253,305,490,499
1,4,7,8,18,35,36,39,42,45,46,68,72,73,74,82,84,85,87,91,92,93,126,128,133,134,164,165,166,205,213
1,5,8,9,31,40,42,45,49,72,73,82,84,100,126,157,172,188,246,252,255,275,286,288,352,405
1,4,5,7,8,9,10,35,36,37,39,40,42,44,45,49,61,72,74,82,84,89,90,91,92,93,126,128,133,136,139,157,164,171,184,187,188,205,231,293,296,328,368,391
1,4,5,7,8,35,36,42,44,45,46,63,68,72,73,84,85,92,93,100,102,105,108,109,126,128,135,149,153,157,166,168,171,188,212,213,217,231,232,237,405
1,4,5,7,8,9,35,39,42,61,72,82,84,87,89,90,92,110,126,128,162,164,177,187,188,205,213,238,265,293,476,478
1,4,5,7,8,9,13,18,35,36,37,39,40,42,45,72,73,74,82,84,85,87,89,90,91,92,93,110,113,126,128,133,157,164,184,187,188,293
1,4,5,7,8,9,35,36,37,40,42,44,74,84,87,89,90,91,92,126,157,164,166,187,205,238,296,391,489
1,5,7,8,9,18,21,35,36,37,39,40,42,44,45,49,53,68,72,73,84,85,89,90,92,98,100,126,128,136,139,157,164,166,170,180,184,187,212,215,217,306,394,401,405
1,4,5,7,8,9,35,36,39,40,42,44,72,84,89,90,91,92,126,139,187,489
1,4,5,8,9,35,36,37,39,40,42,45,72,74,84,85,89,90,92,96,100,126,128,164,170,171,188,205,212,217,242,405
1,4,5,8,9,21,35,36,37,39,40,42,44,45,49,50,52,72,84,89,91,92,126,157,187,392,489
1,4,5,8,35,36,37,39,40,42,44,49,72,73,74,84,87,89,90,91,92,93,126,128,134,162,187,205,210,489
1,4,5,7,8,9,13,18,21,25,35,37,39,42,45,50,73,84,87,89,90,91,92,110,113,126,127,131,134,136,157,164,171,184,187,210,213,237,244,255,271,290,293,301,305,414,419,427,449,450,451,462,463,468,492
1,4,5,7,8,9,10,35,36,37,42,44,45,49,63,68,72,78,82,84,87,89,92,100,105,110,126,128,129,134,138,157,166,193,212,213,237,405
1,4,5,7,8,9,18,35,36,37,39,40,42,44,45,46,49,61,68,72,73,74,84,85,87,89,90,91,92,93,97,110,126,128,133,139,162,164,166,170,171,205,210,213,217,231,236,293,296,328,368,477
1,4,5,7,8,18,26,35,36,37,39,42,44,45,46,67,68,72,73,74,82,84,85,87,89,90,92,93,102,105,126,133,144,159,168,188,193,196,232,237
1,4,5,8,36,45,82,84,188
1,5,7,8,9,35,36,39,42,45,49,68,72,82,84,85,87,90,91,92,96,126,127,157,166,184,205,255,273,286,295,311,414,418,432,449,461,467,468
1,4,5,7,8,9,25,35,36,37,39,42,44,45,68,72,84,89,90,91,92,93,110,126,128,146,157,164,171,205,210,217,293
1,4,5,7,8,9,35,36,37,39,40,42,45,72,74,84,89,90,92,100,110,126,162,187,212,213,217,368,405,482,496
1,4,5,7,8,9,18,25,35,36,39,40,42,45,49,68,72,84,87,89,90,91,92,110,126,129,133,134,139,157,164,166,171,217,242,359
1,4,5,8,9,18,21,25,35,36,39,40,42,44,45,49,68,72,84,87,89,90,91,92,126,133,134,157,164,165,166,205,210,217,263,359
1,3,5,7,8,9,13,18,21,23,35,36,37,39,40,42,44,45,49,53,72,82,84,87,89,90,91,92,98,110,126,133,136,139,147,157,161,164,170,184,187,215,242,306,346,351,393,394,396,398
1,5,7,8,9,40,42,45,49,73,82,84,91,92,157,166,213
1,5,7,8,9,13,35,36,37,39,42,45,71,72,84,85,89,90,91,92,121,126,127,128,134,136,157,169,170,171,184,210,213,231,253,255,293,305,489
1,4,5,7,8,9,21,25,35,36,37,39,40,42,44,45,57,68,72,82,84,87,89,90,91,92,93,95,126,133,134,139,157,164,165,166,188,205,207,210,213,236,246,286,306,317,329,359
1,3,4,5,7,8,9,21,23,25,35,36,37,39,40,42,44,45,46,49,52,53,74,84,87,89,90,91,92,97,98,126,128,134,136,157,161,170,171,184,187,196,213,215,231,237,306,386,394,489
1,4,5,7,8,9,35,36,37,39,42,45,68,72,74,84,89,90,91,92,93,110,126,139,164,166,171,187,217,219,368,372
1,5,7,8,9,18,21,35,37,39,40,42,44,45,72,74,84,87,89,90,91,92,110,126,128,131,136,157,161,164,170,175,180,187,199,205,213,238,244,250,293,314,370,415,489
1,4,5,7,8,9,13,18,35,36,37,39,40,42,44,45,49,61,64,69,72,73,74,84,85,87,91,92,93,96,102,105,110,126,128,130,132,134,157,164,166,171,184,187,188,210,213,231,237,271,296
1,4,5,7,8,9,35,36,37,39,40,42,44,45,68,72,82,84,87,89,90,91,92,93,110,126,128,133,134,136,139,157,162,164,170,184,187,205,210,222,242,334,368,391
1,5,7,8,9,13,35,36,37,40,42,44,45,49,53,68,72,73,74,82,84,85,89,90,92,100,126,128,134,161,166,184,187,188,212,215,306,405
1,3,5,7,8,9,35,36,37,40,42,44,45,68,72,73,74,82,84,85,89,92,100,114,126,128,132,166,171,173,187,188,212,285,381,389,402,405,443
1,4,5,7,8,9,35,39,40,42,44,45,72,82,84,89,90,91,92,126,133,139,164,213,238,328,478
1,5,7,8,9,13,14,30,35,36,37,39,40,42,44,45,49,53,68,72,84,85,89,90,91,92,98,126,128,133,157,170,184,187,188,215,217,232,293,306,386,400,402
1,4,5,7,8,9,15,18,33,35,36,37,38,39,42,45,46,48,49,54,57,63,72,73,78,84,87,89,90,91,92,101,102,105,126,128,157,159,164,166,171,184,188,193,202,210,231,271,337
1,3,4,5,7,8,9,10,18,25,35,36,37,39,40,42,44,45,46,48,49,56,68,72,74,82,84,87,89,90,91,92,93,102,122,126,128,131,133,134,138,157,159,164,166,171,184,188,190,193,194,198,205,210,213,234,235,237
1,4,5,7,8,9,10,11,13,18,35,36,37,39,42,44,45,46,56,65,72,73,74,84,85,87,89,90,91,92,93,101,102,105,110,126,128,157,159,164,166,171,184,187,188,193,210,213,231,232,235,237,271,296
1,4,5,7,8,35,36,37,39,42,45,49,61,72,82,84,89,90,91,92,126,131,133,134,157,164,184,190,205,213,293,389,431,432,452,453,458,468
1,4,5,7,8,9,13,35,36,39,42,45,49,51,72,74,84,87,89,90,91,92,126,127,134,157,162,164,184,185,187,205,210,213,217,231
1,4,5,7,8,9,13,22,23,35,36,37,39,40,42,45,49,53,68,72,74,84,85,89,90,91,92,97,105,107,110,126,128,161,166,170,188,217,380
1,4,5,7,8,9,25,35,36,37,39,40,42,44,45,72,82,84,90,91,92,126,131,133,157,164,184,187,188,213,225,269
1,4,5,7,8,9,35,36,37,39,42,72,84,87,91,92,126,127,157,166,184,187,210,271,296,305,389,449,452,462,464
1,4,5,7,8,9,13,35,36,37,39,40,42,45,68,72,78,84,85,89,90,91,92,93,113,126,128,131,133,134,136,157,158,164,181,184,187,198,205,213,217,241,265,293,317,359
1,4,5,7,8,35,36,37,42,44,45,68,72,82,84,91,92,126,133,134,157,184,187,198,238,274,293,392
1,4,5,7,8,9,35,36,37,39,40,42,45,53,68,72,73,74,82,84,89,92,93,100,110,126,128,184,187,188,193,212,213,405
