3 4 6 17 2 6 3 4 15 17 9 6 8
4 3 5 6 15 5 3 4 15 6 6 5 4
2 0 3 4 6 6 3 9 15 4 6 4 3
0 4 3 2 5 5 3 0 9 4 3 5 4
4 3 22 6 5 6 3 9 22 4 3 6 22
4 2 3 0 6 6 3 15 9 4 6 4 15
3 4 5 9 6 5 3 4 6 9 9 5 3
6 18 3 4 9 6 3 18 9 4 6 3 18
4 3 18 2 14 3 6 4 15 2 3 15 4
2 3 4 6 15 6 3 2 15 4 6 15 4
3 4 0 6 15 3 6 4 15 0 15 4 3
6 9 -1 -1 -1 6 9 -1 -1 -1 6 9 -1
3 6 2 4 0 6 3 15 4 2 2 6 3
2 4 3 6 0 6 3 2 4 15 16 6 15
4 2 0 5 3 5 4 3 6 15 4 3 5
4 0 2 9 5 5 0 4 9 2 4 5 0
2 9 3 0 4 6 3 2 9 0 6 4 3
2 0 3 4 5 5 0 2 3 9 5 0 9
2 3 4 6 15 6 3 2 4 15 3 6 2
3 4 6 1 9 3 6 4 1 9 1 6 4
2 3 0 6 15 6 3 2 15 0 3 6 2
2 4 3 6 9 6 3 2 4 9 3 6 2
4 3 0 2 6 6 3 4 9 16 0 4 3
3 2 6 15 9 3 6 2 15 9 6 3 2
4 2 0 5 22 5 4 2 0 9 4 5 9
2 4 0 3 17 6 3 4 0 2 6 4 17
2 3 6 4 0 3 6 2 15 4 3 6 2
4 0 3 2 6 6 3 4 0 2 0 6 15
3 6 2 4 0 6 3 4 2 9 9 4 3
0 2 25 6 3 6 2 0 25 15 0 6 2
2 3 4 0 5 3 5 2 6 4 2 5 3
4 2 3 0 6 6 4 3 2 15 3 6 4
3 15 2 6 4 6 3 15 2 9 15 6 4
4 3 2 0 6 6 3 4 15 9 6 4 3
5 0 3 2 15 5 3 6 16 15 5 3 6
3 4 2 17 5 3 5 4 15 2 6 5 4
4 6 3 15 2 6 4 3 15 9 4 3 6
0 4 3 2 6 6 3 4 0 9 6 4 0
4 3 6 22 16 3 6 4 9 16 6 4 3
4 2 3 6 15 6 3 4 15 2 3 6 4
4 3 0 15 5 5 3 15 6 4 5 4 15
4 18 3 2 0 5 4 3 6 9 15 6 5
4 2 15 6 0 6 15 4 3 2 6 3 4
3 4 2 6 15 6 3 4 2 15 3 15 4
3 4 6 15 5 5 3 6 15 4 5 3 6
0 4 6 2 3 6 4 9 5 3 0 6 4
3 4 5 1 6 3 5 4 1 6 5 4 1
2 3 4 5 9 5 3 6 2 9 3 5 6
3 4 6 2 0 6 3 4 2 15 3 6 4
2 0 4 3 9 6 3 2 9 4 9 4 3
0 2 3 4 6 6 3 0 2 9 2 3 4
4 2 3 6 17 6 3 4 9 2 10 17 9
2 3 6 15 0 6 3 2 15 9 2 6 3
2 3 0 6 8 6 3 2 0 9 2 9 3
3 4 0 5 15 5 4 3 15 6 5 4 3
3 4 6 1 15 3 6 4 1 15 15 4 3
0 4 3 2 5 5 3 4 6 2 0 5 6
4 3 18 2 0 6 3 4 15 9 3 6 4
4 2 6 9 12 6 2 4 3 9 15 4 6
0 2 3 4 6 6 3 2 4 0 0 12 6
4 3 15 2 6 6 3 4 15 2 6 15 4
2 3 4 6 15 3 6 2 4 15 2 3 6
2 3 0 6 15 3 6 0 2 15 0 16 6
4 3 6 15 9 3 6 4 9 15 6 4 3
2 3 4 6 9 3 6 9 15 2 6 15 4
6 14 3 15 5 14 6 3 15 9 6 3 14
4 3 0 2 6 3 6 4 16 15 6 4 3
2 0 3 9 6 6 2 9 3 22 3 6 9
3 6 4 2 9 6 3 4 15 2 3 6 4
2 0 4 3 5 6 3 2 4 0 9 4 6
4 0 3 5 6 6 4 3 16 15 3 6 4
2 4 3 15 6 6 3 4 2 15 2 4 3
3 4 5 0 15 5 3 6 15 4 3 5 4
4 2 6 9 3 6 4 3 2 9 6 4 3
0 4 2 3 6 6 3 4 0 2 3 6 4
2 6 3 15 9 6 3 2 9 15 6 3 2
6 2 3 0 15 6 3 2 15 16 15 6 16
4 0 3 2 6 6 3 4 0 2 3 6 4
2 4 3 6 0 6 3 4 2 15 6 4 3
4 6 3 17 13 6 3 9 4 13 3 6 4
0 2 3 4 6 6 3 0 2 18 3 6 0
3 4 6 15 9 6 3 4 15 9 15 4 3
0 2 4 15 6 6 15 2 0 3 15 16 6
3 4 2 6 21 6 3 4 9 2 6 3 4
4 2 3 6 15 3 6 4 2 15 3 6 2
3 6 4 9 16 3 6 16 9 15 6 3 4
2 4 3 5 15 5 3 2 4 6 3 5 4
3 4 2 6 5 5 3 4 6 2 3 5 4
3 2 6 15 4 6 3 15 2 4 15 3 6
4 6 18 3 2 6 15 4 3 9 6 4 15
4 3 2 6 0 6 3 4 15 2 3 6 4
0 2 4 3 6 6 3 2 15 4 0 9 6
3 0 4 5 6 5 3 6 15 0 0 6 16
3 4 0 15 2 3 6 15 4 9 15 6 4
2 4 3 6 15 6 3 4 2 15 6 4 3
4 2 0 3 15 6 4 3 0 9 9 4 3
3 6 23 4 1 3 6 23 9 12 3 23 6
3 22 4 5 18 3 5 22 4 6 5 4 3
2 4 5 3 6 6 4 3 2 15 6 4 3
2 3 5 4 15 5 3 15 2 6 5 15 3
